1.00000000,0.00000000,0.0
0.99975600,0.00005900,0.0
0.99902500,0.00023500,0.0
0.99780700,0.00052800,0.0
0.99610400,0.00093700,0.0
0.99391700,0.00146000,0.0
0.99124700,0.00209700,0.0
0.98809800,0.00284400,0.0
0.98447300,0.00369900,0.0
0.98037300,0.00466000,0.0
0.97580500,0.00572400,0.0
0.97077000,0.00688700,0.0
0.96527500,0.00814500,0.0
0.95932400,0.00949500,0.0
0.95292200,0.01093300,0.0
0.94607600,0.01245300,0.0
0.93879200,0.01405100,0.0
0.93107700,0.01572200,0.0
0.92293700,0.01746100,0.0
0.91438100,0.01926200,0.0
0.90541600,0.02112100,0.0
0.89605000,0.02303100,0.0
0.88629300,0.02498700,0.0
0.87615400,0.02698400,0.0
0.86564300,0.02901400,0.0
0.85476800,0.03107200,0.0
0.84354100,0.03315300,0.0
0.83197300,0.03524900,0.0
0.82007300,0.03735600,0.0
0.80785500,0.03946600,0.0
0.79532900,0.04157500,0.0
0.78250700,0.04367600,0.0
0.76940200,0.04576300,0.0
0.75602600,0.04783100,0.0
0.74239300,0.04987400,0.0
0.72851500,0.05188500,0.0
0.71440700,0.05386100,0.0
0.70008100,0.05579500,0.0
0.68555300,0.05768200,0.0
0.67083500,0.05951700,0.0
0.65594300,0.06129600,0.0
0.64089100,0.06301300,0.0
0.62569400,0.06466400,0.0
0.61036800,0.06624600,0.0
0.59492600,0.06775200,0.0
0.57938500,0.06918100,0.0
0.56376000,0.07052800,0.0
0.54806700,0.07178900,0.0
0.53232100,0.07296200,0.0
0.51653800,0.07404400,0.0
0.50073400,0.07503200,0.0
0.48492500,0.07592300,0.0
0.46912600,0.07671600,0.0
0.45335500,0.07740900,0.0
0.43762600,0.07800000,0.0
0.42195600,0.07848800,0.0
0.40636000,0.07887200,0.0
0.39076300,0.07913700,0.0
0.37520800,0.07922100,0.0
0.35977400,0.07911800,0.0
0.34447800,0.07883300,0.0
0.32933600,0.07836700,0.0
0.31436500,0.07772400,0.0
0.29958100,0.07691000,0.0
0.28500000,0.07592900,0.0
0.27063700,0.07478700,0.0
0.25650900,0.07349000,0.0
0.24263000,0.07204500,0.0
0.22901500,0.07046000,0.0
0.21567900,0.06874100,0.0
0.20263600,0.06689800,0.0
0.18990000,0.06493900,0.0
0.17748500,0.06287200,0.0
0.16540400,0.06070800,0.0
0.15366900,0.05845500,0.0
0.14229200,0.05612400,0.0
0.13128700,0.05372400,0.0
0.12066300,0.05126500,0.0
0.11043100,0.04875900,0.0
0.10060300,0.04621400,0.0
0.09118700,0.04364200,0.0
0.08219300,0.04105200,0.0
0.07363000,0.03845400,0.0
0.06550600,0.03585900,0.0
0.05782900,0.03327600,0.0
0.05060600,0.03071400,0.0
0.04384300,0.02818300,0.0
0.03754800,0.02569100,0.0
0.03172400,0.02324800,0.0
0.02637800,0.02086000,0.0
0.02151300,0.01853500,0.0
0.01713500,0.01628000,0.0
0.01324600,0.01410200,0.0
0.00984900,0.01200700,0.0
0.00694700,0.00999900,0.0
0.00454200,0.00808300,0.0
0.00263500,0.00626300,0.0
0.00122700,0.00454300,0.0
0.00031900,0.00292500,0.0
-0.00009000,0.00141000,0.0
0.00000000,0.00000000,0.0
0.00058400,-0.00128700,0.0
0.00165500,-0.00243200,0.0
0.00321100,-0.00343700,0.0
0.00525000,-0.00430200,0.0
0.00777000,-0.00502900,0.0
0.01076500,-0.00562000,0.0
0.01423400,-0.00607700,0.0
0.01817100,-0.00640200,0.0
0.02257100,-0.00660000,0.0
0.02743000,-0.00667300,0.0
0.03274100,-0.00662600,0.0
0.03850000,-0.00646200,0.0
0.04469800,-0.00618700,0.0
0.05133000,-0.00580500,0.0
0.05838800,-0.00532200,0.0
0.06586400,-0.00474300,0.0
0.07375200,-0.00407400,0.0
0.08204200,-0.00332300,0.0
0.09072600,-0.00249400,0.0
0.09979600,-0.00159500,0.0
0.10924200,-0.00063300,0.0
0.11905600,0.00038400,0.0
0.12922600,0.00145000,0.0
0.13974500,0.00255600,0.0
0.15060100,0.00369500,0.0
0.16178400,0.00486000,0.0
0.17328400,0.00604100,0.0
0.18509100,0.00723100,0.0
0.19719300,0.00842200,0.0
0.20957900,0.00960500,0.0
0.22223800,0.01077400,0.0
0.23515800,0.01191800,0.0
0.24832900,0.01303200,0.0
0.26173700,0.01410600,0.0
0.27537200,0.01513300,0.0
0.28922100,0.01610600,0.0
0.30327100,0.01701700,0.0
0.31751000,0.01785900,0.0
0.33192600,0.01862600,0.0
0.34650500,0.01931000,0.0
0.36123500,0.01990700,0.0
0.37610200,0.02040900,0.0
0.39109400,0.02081200,0.0
0.40625900,0.02111700,0.0
0.42161000,0.02138100,0.0
0.43704100,0.02161300,0.0
0.45253700,0.02181300,0.0
0.46808300,0.02197700,0.0
0.48366500,0.02210300,0.0
0.49926600,0.02219100,0.0
0.51487300,0.02223700,0.0
0.53047000,0.02224200,0.0
0.54604100,0.02220400,0.0
0.56157300,0.02212200,0.0
0.57704900,0.02199700,0.0
0.59245500,0.02182700,0.0
0.60777600,0.02161300,0.0
0.62299500,0.02135500,0.0
0.63810000,0.02105400,0.0
0.65307400,0.02071100,0.0
0.66790300,0.02032700,0.0
0.68257200,0.01990400,0.0
0.69706600,0.01944200,0.0
0.71137200,0.01894500,0.0
0.72547500,0.01841300,0.0
0.73936100,0.01784900,0.0
0.75301500,0.01725600,0.0
0.76642500,0.01663700,0.0
0.77957700,0.01599300,0.0
0.79245700,0.01532700,0.0
0.80505200,0.01464300,0.0
0.81735100,0.01394400,0.0
0.82933900,0.01323300,0.0
0.84100600,0.01251300,0.0
0.85233800,0.01178600,0.0
0.86332600,0.01105700,0.0
0.87395700,0.01032800,0.0
0.88422000,0.00960300,0.0
0.89410500,0.00888500,0.0
0.90360100,0.00817700,0.0
0.91270000,0.00748100,0.0
0.92139100,0.00680200,0.0
0.92966500,0.00614100,0.0
0.93751400,0.00550300,0.0
0.94493000,0.00488800,0.0
0.95190500,0.00430100,0.0
0.95843100,0.00374200,0.0
0.96450100,0.00321600,0.0
0.97011100,0.00272300,0.0
0.97525200,0.00226700,0.0
0.97992000,0.00184800,0.0
0.98411100,0.00146800,0.0
0.98781800,0.00113000,0.0
0.99104000,0.00083400,0.0
0.99377200,0.00058100,0.0
0.99601100,0.00037300,0.0
0.99775500,0.00021000,0.0
0.99900200,0.00009400,0.0
0.99975000,0.00002300,0.0
1.00000000,0.00000000,0.0
1.49697108,-0.30190247,0.0
1.49243247,-0.29854209,0.0
1.48666192,-0.29429158,0.0
1.48088321,-0.29005724,0.0
1.47509638,-0.28583930,0.0
1.46930138,-0.28163796,0.0
1.46349818,-0.27745342,0.0
1.45768671,-0.27328588,0.0
1.45186702,-0.26913560,0.0
1.44603890,-0.26500273,0.0
1.44020240,-0.26088754,0.0
1.43435729,-0.25679019,0.0
1.42850343,-0.25271090,0.0
1.42264079,-0.24864989,0.0
1.41676901,-0.24460734,0.0
1.41088806,-0.24058349,0.0
1.40499772,-0.23657855,0.0
1.39909762,-0.23259269,0.0
1.39318764,-0.22862617,0.0
1.38726750,-0.22467918,0.0
1.38133688,-0.22075196,0.0
1.37539546,-0.21684471,0.0
1.36944293,-0.21295766,0.0
1.36347904,-0.20909108,0.0
1.35750332,-0.20524518,0.0
1.35151553,-0.20142023,0.0
1.34551518,-0.19761648,0.0
1.33950195,-0.19383420,0.0
1.33347535,-0.19007365,0.0
1.32743504,-0.18633513,0.0
1.32138060,-0.18261896,0.0
1.31531153,-0.17892542,0.0
1.30922748,-0.17525488,0.0
1.30312793,-0.17160765,0.0
1.29701244,-0.16798410,0.0
1.29088064,-0.16438463,0.0
1.28473192,-0.16080958,0.0
1.27856597,-0.15725942,0.0
1.27238218,-0.15373453,0.0
1.26618027,-0.15023541,0.0
1.25995970,-0.14676250,0.0
1.25371997,-0.14331629,0.0
1.24746079,-0.13989735,0.0
1.24118165,-0.13650618,0.0
1.23488211,-0.13314335,0.0
1.22856179,-0.12980944,0.0
1.22222035,-0.12650509,0.0
1.21585740,-0.12323095,0.0
1.20947260,-0.11998768,0.0
1.20306554,-0.11677595,0.0
1.19663598,-0.11359653,0.0
1.19018364,-0.11045016,0.0
1.18370821,-0.10733760,0.0
1.17720952,-0.10425972,0.0
1.17068723,-0.10121731,0.0
1.16414124,-0.09821126,0.0
1.15757139,-0.09524251,0.0
1.15097755,-0.09231199,0.0
1.14435962,-0.08942069,0.0
1.13771752,-0.08656962,0.0
1.13105127,-0.08375984,0.0
1.12436075,-0.08099242,0.0
1.11764611,-0.07826853,0.0
1.11090741,-0.07558935,0.0
1.10414470,-0.07295609,0.0
1.09735814,-0.07037005,0.0
1.09054790,-0.06783253,0.0
1.08371418,-0.06534493,0.0
1.07685724,-0.06290871,0.0
1.06997737,-0.06052540,0.0
1.06307480,-0.05819654,0.0
1.05614997,-0.05592384,0.0
1.04920326,-0.05370908,0.0
1.04223498,-0.05155408,0.0
1.03524564,-0.04946084,0.0
1.02823569,-0.04743145,0.0
1.02120559,-0.04546816,0.0
1.01415591,-0.04357338,0.0
1.00708720,-0.04174972,0.0
1.00000000,-0.04000000,0.0
0.99289491,-0.03832730,0.0
0.98577254,-0.03673500,0.0
0.97863347,-0.03522684,0.0
0.97147838,-0.03380700,0.0
0.96430790,-0.03248019,0.0
0.95712264,-0.03125171,0.0
0.94992322,-0.03012769,0.0
0.94271021,-0.02911523,0.0
0.93548423,-0.02822271,0.0
0.92824574,-0.02746011,0.0
0.92099524,-0.02683965,0.0
0.91373303,-0.02637647,0.0
0.90645927,-0.02608986,0.0
0.89917388,-0.02600515,0.0
0.89187636,-0.02615691,0.0
0.88456554,-0.02659455,0.0
0.87723902,-0.02739359,0.0
0.86989198,-0.02868064,0.0
0.86251365,-0.03070191,0.0
0.85764484,-0.03263290,0.0
0.85381751,-0.03497370,0.0
0.85092975,-0.03768419,0.0
0.84887961,-0.04072428,0.0
0.84756518,-0.04405385,0.0
0.84693919,-0.04765431,0.0
0.84783339,-0.05185294,0.0
0.85178891,-0.05725614,0.0
0.86036717,-0.06447830,0.0
0.86719671,-0.06862656,0.0
0.87404136,-0.07208174,0.0
0.88088976,-0.07509155,0.0
0.88773649,-0.07778405,0.0
0.89457863,-0.08023617,0.0
0.90141444,-0.08249872,0.0
0.90824293,-0.08460763,0.0
0.91506342,-0.08658953,0.0
0.92187562,-0.08846501,0.0
0.92867930,-0.09025047,0.0
0.93547453,-0.09195935,0.0
0.94226127,-0.09360281,0.0
0.94903969,-0.09519039,0.0
0.95580992,-0.09673032,0.0
0.96257215,-0.09822980,0.0
0.96932657,-0.09969521,0.0
0.97607342,-0.10113227,0.0
0.98281298,-0.10254615,0.0
0.98954546,-0.10394155,0.0
0.99627110,-0.10532276,0.0
1.00299015,-0.10669377,0.0
1.00970282,-0.10805825,0.0
1.01640934,-0.10941962,0.0
1.02310995,-0.11078110,0.0
1.02980482,-0.11214568,0.0
1.03649413,-0.11351619,0.0
1.04317810,-0.11489530,0.0
1.04985679,-0.11628553,0.0
1.05653033,-0.11768923,0.0
1.06319893,-0.11910872,0.0
1.06986260,-0.12054612,0.0
1.07652142,-0.12200348,0.0
1.08317546,-0.12348273,0.0
1.08982475,-0.12498573,0.0
1.09646926,-0.12651423,0.0
1.10310903,-0.12806991,0.0
1.10974396,-0.12965433,0.0
1.11637398,-0.13126900,0.0
1.12299911,-0.13291539,0.0
1.12961915,-0.13459482,0.0
1.13623402,-0.13630859,0.0
1.14284356,-0.13805789,0.0
1.14944762,-0.13984388,0.0
1.15604601,-0.14166761,0.0
1.16263854,-0.14353011,0.0
1.16922507,-0.14543233,0.0
1.17580527,-0.14737511,0.0
1.18237896,-0.14935928,0.0
1.18894586,-0.15138558,0.0
1.19550569,-0.15345469,0.0
1.20205828,-0.15556725,0.0
1.20860326,-0.15772380,0.0
1.21514037,-0.15992483,0.0
1.22166928,-0.16217078,0.0
1.22818976,-0.16446205,0.0
1.23470153,-0.16679897,0.0
1.24120428,-0.16918178,0.0
1.24769762,-0.17161066,0.0
1.25418141,-0.17408580,0.0
1.26065531,-0.17660729,0.0
1.26711895,-0.17917512,0.0
1.27357224,-0.18178932,0.0
1.28001478,-0.18444980,0.0
1.28644643,-0.18715645,0.0
1.29286685,-0.18990907,0.0
1.29927589,-0.19270743,0.0
1.30567335,-0.19555129,0.0
1.31205898,-0.19844029,0.0
1.31843272,-0.20137407,0.0
1.32479434,-0.20435220,0.0
1.33114373,-0.20737421,0.0
1.33748087,-0.21043961,0.0
1.34380560,-0.21354783,0.0
1.35011793,-0.21669827,0.0
1.35641774,-0.21989026,0.0
1.36270515,-0.22312315,0.0
1.36898007,-0.22639618,0.0
1.37524264,-0.22970862,0.0
1.38149296,-0.23305967,0.0
1.38773114,-0.23644845,0.0
1.39395729,-0.23987410,0.0
1.40017156,-0.24333568,0.0
1.40637431,-0.24683230,0.0
1.41256563,-0.25036290,0.0
1.41874580,-0.25392646,0.0
1.42491526,-0.25752198,0.0
1.43107419,-0.26114830,0.0
1.43722308,-0.26480435,0.0
1.44336231,-0.26848895,0.0
1.44949221,-0.27220088,0.0
1.45561341,-0.27593896,0.0
1.46172625,-0.27970189,0.0
1.46783139,-0.28348843,0.0
1.47392935,-0.28729723,0.0
1.48002074,-0.29112694,0.0
1.48610610,-0.29497616,0.0
1.49218614,-0.29884349,0.0
1.49697108,-0.30190247,0.0
