2 0.000000 100.000000 5791.461216
579 490 
1 -6.340000 0.000000 -6.233511 100.000344 0.004849 -0.002032 -0.000007 
2 7.300000 0.000000 -6.233511 100.000127 0.029695 -0.008326 -0.000003 
3 7.300000 0.000000 6.910000 99.999665 -0.030525 -0.008928 0.000007 
4 -6.340000 0.000000 6.910000 99.999461 -0.004790 -0.001502 0.000011 
5 0.480000 0.000000 0.338245 -nan -nan -nan -nan 
6 -6.340000 0.000000 0.338245 99.999003 0.000129 -0.003502 0.000020 
7 0.480000 0.000000 -6.233511 100.001493 0.017114 -0.004714 -0.000030 
8 7.300000 0.000000 0.338245 99.999118 1.789704 -30.536972 -0.093553 
9 0.480000 0.000000 6.910000 99.999503 -0.017512 -0.004847 0.000010 
10 -2.930000 0.000000 3.624122 99.997151 -0.009449 -0.004721 0.000057 
11 -6.340000 0.000000 3.624122 99.999002 -0.003311 -0.002365 0.000020 
12 -2.930000 0.000000 0.338245 99.991683 0.000428 -0.014394 0.000166 
13 0.480000 0.000000 3.624122 100.000240 -0.035515 -0.018524 -0.000005 
14 -2.930000 0.000000 6.910000 99.999263 -0.009308 -0.002527 0.000015 
15 -2.930000 0.000000 -2.947633 100.001385 0.009634 -0.009052 -0.000028 
16 -6.340000 0.000000 -2.947633 99.999975 0.003481 -0.003205 0.000001 
17 -2.930000 0.000000 -6.233511 100.001022 0.009269 -0.003388 -0.000020 
18 0.480000 0.000000 -2.947633 100.007534 0.033788 -0.016909 -0.000151 
19 3.890000 0.000000 3.624122 99.998720 -0.062689 -0.037430 0.000025 
20 3.890000 0.000000 0.338245 99.993457 1.789214 -30.528175 -0.093386 
21 7.300000 0.000000 3.624122 99.999358 -0.069236 -0.040769 0.000012 
22 3.890000 0.000000 6.910000 99.999582 -0.025848 -0.007555 0.000008 
23 -1.225000 0.000000 1.981183 99.984568 -0.018800 -0.008483 0.000309 
24 -2.930000 0.000000 1.981183 99.993400 -0.006422 -0.007641 0.000132 
25 -1.225000 0.000000 0.338245 99.930870 0.000880 -0.060682 0.001382 
26 0.480000 0.000000 1.981183 100.021903 -0.087319 -0.074910 -0.000439 
27 -1.225000 0.000000 3.624122 99.997281 -0.018564 -0.007655 0.000054 
28 3.890000 0.000000 -2.947633 99.999600 0.059249 -0.032870 0.000008 
29 3.890000 0.000000 -6.233511 100.000618 0.025101 -0.006583 -0.000012 
30 7.300000 0.000000 -2.947633 99.999686 0.065913 -0.039268 0.000006 
31 -1.225000 0.000000 -1.304694 100.005929 0.019022 -0.043851 -0.000119 
32 -2.930000 0.000000 -1.304694 99.998312 0.006982 -0.014738 0.000034 
33 -1.225000 0.000000 -2.947633 100.005352 0.018309 -0.014360 -0.000107 
34 0.480000 0.000000 -1.304694 100.039935 0.064972 -0.053336 -0.000800 
35 2.185000 0.000000 1.981183 99.995850 -0.135499 -0.166061 0.000078 
36 2.185000 0.000000 0.338245 99.955644 1.786805 -30.498154 -0.092446 
37 3.890000 0.000000 1.981183 99.996448 -0.149269 -0.175820 0.000066 
38 2.185000 0.000000 3.624122 99.999493 -0.052971 -0.031902 0.000010 
39 -0.372500 0.000000 1.159714 100.188306 -0.037937 0.296434 -0.003779 
40 -1.225000 0.000000 1.159714 99.954372 -0.011839 -0.015410 0.000912 
41 -0.372500 0.000000 0.338245 99.463685 -0.002545 0.133194 0.010696 
42 0.480000 0.000000 1.159714 100.574124 -0.181367 -0.346643 -0.011531 
43 -0.372500 0.000000 1.981183 99.993079 -0.036533 -0.014954 0.000138 
44 2.185000 0.000000 -1.304694 99.991007 0.120309 -0.134636 0.000177 
45 2.185000 0.000000 -2.947633 100.001804 0.049851 -0.024346 -0.000036 
46 3.890000 0.000000 -1.304694 99.996286 0.134575 -0.166414 0.000070 
47 -0.372500 0.000000 -0.483225 99.768722 0.041852 0.044216 0.004620 
48 -1.225000 0.000000 -0.483225 99.981011 0.013496 -0.076865 0.000379 
49 -0.372500 0.000000 -1.304694 100.033443 0.034782 -0.063377 -0.000670 
50 0.480000 0.000000 -0.483225 99.817284 0.132481 -0.137576 0.003647 
51 1.332500 0.000000 1.159714 100.200981 -0.344465 -0.994635 -0.004134 
52 1.332500 0.000000 0.338245 99.745353 1.767415 -30.693050 -0.089432 
53 2.185000 0.000000 1.159714 99.980263 -0.357170 -0.804000 0.000317 
54 1.332500 0.000000 1.981183 100.005812 -0.113081 -0.142755 -0.000120 
55 0.053750 0.000000 0.748979 100.248916 -0.127074 0.768355 -0.005045 
56 -0.372500 0.000000 0.748979 99.893380 -0.023801 0.371187 0.002117 
57 0.053750 0.000000 0.338245 95.246703 -0.837083 -0.638567 0.092696 
58 0.480000 0.000000 0.748979 100.659914 -0.518400 -1.087290 -0.013387 
59 0.053750 0.000000 1.159714 100.376164 -0.082922 0.157611 -0.007541 
60 1.332500 0.000000 -0.483225 99.817760 0.276732 -0.661733 0.003590 
61 1.332500 0.000000 -1.304694 100.000850 0.098737 -0.088282 -0.000019 
62 2.185000 0.000000 -0.483225 99.968501 0.285910 -0.755036 0.000565 
63 0.053750 0.000000 -0.072490 100.197776 0.098333 -0.623107 -0.003999 
64 -0.372500 0.000000 -0.072490 99.711499 0.033758 -0.144892 0.005759 
65 0.053750 0.000000 -0.483225 99.938447 0.072034 -0.120657 0.001229 
66 0.480000 0.000000 -0.072490 100.420854 0.385745 0.396128 -0.008465 
67 0.906250 0.000000 0.748979 100.533156 -0.759181 -3.982788 -0.012335 
68 0.906250 0.000000 0.338245 98.295730 1.727643 -30.287119 -0.058234 
69 1.332500 0.000000 0.748979 100.064386 -0.880567 -3.943565 -0.002921 
70 0.906250 0.000000 1.159714 100.305134 -0.278505 -0.808496 -0.006185 
71 0.266875 0.000000 0.543612 100.287590 -0.388658 1.329284 -0.005952 
72 0.053750 0.000000 0.543612 98.914600 -0.148128 1.168938 0.021451 
73 0.266875 0.000000 0.338245 -nan -nan -nan -nan 
74 0.480000 0.000000 0.543612 101.925379 -0.820700 -3.352060 -0.040069 
75 0.266875 0.000000 0.748979 100.339400 -0.214834 0.129108 -0.006806 
76 -4.635000 0.000000 1.981183 99.997472 -0.003081 -0.004709 0.000051 
77 -6.340000 0.000000 1.981183 99.998844 -0.001786 -0.002975 0.000023 
78 -4.635000 0.000000 0.338245 99.997600 0.000218 -0.006291 0.000048 
79 -4.635000 0.000000 3.624122 99.998256 -0.005314 -0.003334 0.000035 
80 -2.077500 0.000000 1.159714 99.981570 -0.005908 -0.014973 0.000369 
81 -2.930000 0.000000 1.159714 99.991442 -0.003366 -0.010742 0.000171 
82 -2.077500 0.000000 0.338245 99.979892 0.000627 -0.025884 0.000402 
83 -2.077500 0.000000 1.981183 99.989024 -0.010397 -0.008966 0.000219 
84 -0.798750 0.000000 0.748979 99.879621 -0.013264 0.003767 0.002406 
85 -1.225000 0.000000 0.748979 99.934739 -0.005977 -0.032446 0.001305 
86 -0.798750 0.000000 0.338245 99.837653 0.004091 0.055399 0.003244 
87 -0.798750 0.000000 1.159714 99.945051 -0.027347 0.011880 0.001099 
88 -0.159375 0.000000 0.543612 99.441616 -0.069509 0.863972 0.011061 
89 -0.372500 0.000000 0.543612 99.674494 -0.013053 0.432610 0.006481 
90 -0.159375 0.000000 0.338245 98.787168 0.028850 0.375442 0.024095 
91 -0.159375 0.000000 0.748979 99.946716 -0.065488 0.623324 0.001026 
92 0.906250 0.000000 -0.072490 99.110916 0.364110 -2.517757 0.017055 
93 0.906250 0.000000 -0.483225 99.706446 0.200502 -0.479787 0.005835 
94 1.332500 0.000000 -0.072490 99.659737 0.566117 -3.186880 0.005746 
95 0.266875 0.000000 0.132877 106.496683 -0.268753 -0.347362 -0.134174 
96 0.053750 0.000000 0.132877 100.118630 -0.057888 -3.057485 -0.003309 
97 0.266875 0.000000 -0.072490 101.405655 0.134500 -0.188942 -0.028316 
98 0.480000 0.000000 0.132877 100.165737 0.128466 4.149914 -0.005041 
99 0.160312 0.000000 0.440928 97.139444 -1.230804 4.417929 0.054290 
100 0.053750 0.000000 0.440928 97.381260 -0.402681 1.318862 0.051499 
101 0.160312 0.000000 0.338245 -nan -nan -nan -nan 
102 0.266875 0.000000 0.440928 101.832386 -1.636613 7.222577 -0.042468 
103 0.160312 0.000000 0.543612 99.381701 -0.167804 1.845282 0.011984 
104 -4.635000 0.000000 -1.304694 99.999021 0.003439 -0.006521 0.000020 
105 -6.340000 0.000000 -1.304694 99.999485 0.002017 -0.003600 0.000010 
106 -4.635000 0.000000 -2.947633 100.000216 0.005526 -0.005226 -0.000004 
107 -2.077500 0.000000 -0.483225 99.989612 0.006946 -0.030670 0.000208 
108 -2.930000 0.000000 -0.483225 99.994734 0.004132 -0.016102 0.000105 
109 -2.077500 0.000000 -1.304694 99.998997 0.011006 -0.024887 0.000020 
110 -0.798750 0.000000 -0.072490 99.901658 0.023460 -0.150941 0.001964 
111 -1.225000 0.000000 -0.072490 99.952346 0.008125 -0.080278 0.000952 
112 -0.798750 0.000000 -0.483225 99.993821 0.028545 -0.151148 0.000121 
113 -0.159375 0.000000 0.132877 99.187072 0.010272 -0.421376 0.016175 
114 -0.372500 0.000000 0.132877 99.518632 0.017178 -0.040004 0.009604 
115 -0.159375 0.000000 -0.072490 99.711297 0.052678 -0.403986 0.005749 
116 0.160312 0.000000 0.235561 -nan -nan -nan -nan 
117 0.053750 0.000000 0.235561 97.371529 -0.540898 -4.016459 0.050236 
118 0.160312 0.000000 0.132877 103.187419 -0.424404 -3.892391 -0.066297 
119 0.266875 0.000000 0.235561 -nan -nan -nan -nan 
120 0.693125 0.000000 0.543612 100.783676 -1.279061 -11.673488 -0.029526 
121 0.693125 0.000000 0.338245 -nan -nan -nan -nan 
122 0.906250 0.000000 0.543612 99.681149 -1.610786 -13.197497 -0.011310 
123 0.693125 0.000000 0.748979 100.451273 -0.753465 -2.778181 -0.009874 
124 0.373437 0.000000 0.440928 -nan -nan -nan -nan 
125 0.373437 0.000000 0.338245 -nan -nan -nan -nan 
126 0.480000 0.000000 0.440928 -nan -nan -nan -nan 
127 0.373437 0.000000 0.543612 101.077937 -0.657103 -0.329900 -0.021729 
128 0.213594 0.000000 0.389586 -nan -nan -nan -nan 
129 0.160312 0.000000 0.389586 -nan -nan -nan -nan 
130 0.213594 0.000000 0.338245 -nan -nan -nan -nan 
131 0.266875 0.000000 0.389586 -nan -nan -nan -nan 
132 0.213594 0.000000 0.440928 98.549619 -1.673632 7.097293 0.023480 
133 -0.052812 0.000000 0.440928 98.380871 -0.089893 0.428788 0.032101 
134 -0.159375 0.000000 0.440928 99.039296 0.021054 0.717260 0.019070 
135 -0.052812 0.000000 0.338245 97.871234 -0.120716 -0.360550 0.042108 
136 -0.052812 0.000000 0.543612 99.206460 -0.026189 1.004916 0.015707 
137 0.107031 0.000000 0.389586 -nan -nan -nan -nan 
138 0.053750 0.000000 0.389586 96.250920 -0.649405 0.768154 0.073475 
139 0.107031 0.000000 0.338245 -nan -nan -nan -nan 
140 0.107031 0.000000 0.440928 97.114749 -0.837983 2.655711 0.056097 
141 0.693125 0.000000 0.132877 97.994988 0.842142 -2.094618 0.039189 
142 0.693125 0.000000 -0.072490 99.422194 0.400236 -0.941494 0.011418 
143 0.906250 0.000000 0.132877 98.738698 0.877075 -5.606286 0.021847 
144 0.373437 0.000000 0.235561 -nan -nan -nan -nan 
145 0.373437 0.000000 0.132877 104.500044 0.180774 4.292250 -0.093872 
146 0.480000 0.000000 0.235561 -nan -nan -nan -nan 
147 0.213594 0.000000 0.286903 -nan -nan -nan -nan 
148 0.160312 0.000000 0.286903 -nan -nan -nan -nan 
149 0.213594 0.000000 0.235561 -nan -nan -nan -nan 
150 0.266875 0.000000 0.286903 -nan -nan -nan -nan 
151 0.186953 0.000000 0.363916 -nan -nan -nan -nan 
152 0.160312 0.000000 0.363916 -nan -nan -nan -nan 
153 0.186953 0.000000 0.338245 -nan -nan -nan -nan 
154 0.213594 0.000000 0.363916 -nan -nan -nan -nan 
155 0.186953 0.000000 0.389586 -nan -nan -nan -nan 
156 0.320156 0.000000 0.389586 -nan -nan -nan -nan 
157 0.320156 0.000000 0.338245 -nan -nan -nan -nan 
158 0.373437 0.000000 0.389586 -nan -nan -nan -nan 
159 0.320156 0.000000 0.440928 -nan -nan -nan -nan 
160 -1.225000 0.000000 5.267061 99.998888 -0.015551 -0.005155 0.000022 
161 -2.930000 0.000000 5.267061 99.998685 -0.009848 -0.003404 0.000026 
162 0.480000 0.000000 5.267061 99.999443 -0.023430 -0.008463 0.000011 
163 -1.225000 0.000000 6.910000 99.999344 -0.013012 -0.003478 0.000013 
164 -0.372500 0.000000 2.802653 99.998241 -0.031423 -0.015327 0.000035 
165 -1.225000 0.000000 2.802653 99.994303 -0.019619 -0.008661 0.000114 
166 0.480000 0.000000 2.802653 100.003101 -0.048073 -0.032395 -0.000062 
167 -0.372500 0.000000 3.624122 99.998774 -0.026168 -0.011688 0.000024 
168 0.053750 0.000000 1.570449 100.062906 -0.087299 -0.029600 -0.001259 
169 -0.372500 0.000000 1.570449 99.985837 -0.053156 -0.002371 0.000283 
170 0.480000 0.000000 1.570449 100.260912 -0.124150 -0.121928 -0.005228 
171 0.053750 0.000000 1.981183 100.006976 -0.052751 -0.035066 -0.000140 
172 0.266875 0.000000 0.954347 100.852229 -0.183292 0.047253 -0.017121 
173 0.053750 0.000000 0.954347 100.497114 -0.105319 0.386239 -0.009983 
174 0.480000 0.000000 0.954347 101.062861 -0.202112 -0.629013 -0.021414 
175 0.266875 0.000000 1.159714 100.524523 -0.126901 -0.039337 -0.010520 
176 0.373437 0.000000 0.646296 100.651025 -0.366601 -0.658161 -0.013120 
177 0.266875 0.000000 0.646296 100.344357 -0.088817 0.299886 -0.006909 
178 0.480000 0.000000 0.646296 100.892304 -0.468696 -2.107823 -0.018392 
179 0.373437 0.000000 0.748979 100.575769 -0.300525 -0.362733 -0.011571 
180 0.320156 0.000000 0.492270 101.313663 -0.820812 1.720685 -0.026809 
181 0.266875 0.000000 0.492270 100.903851 -0.897231 2.922511 -0.019093 
182 0.373437 0.000000 0.492270 101.266355 -0.856340 0.306667 -0.025570 
183 0.320156 0.000000 0.543612 100.851921 -0.540967 0.620956 -0.017179 
184 0.293516 0.000000 0.415257 -nan -nan -nan -nan 
185 0.266875 0.000000 0.415257 -nan -nan -nan -nan 
186 0.293516 0.000000 0.389586 -nan -nan -nan -nan 
187 0.320156 0.000000 0.415257 -nan -nan -nan -nan 
188 0.293516 0.000000 0.440928 102.751254 -1.539043 5.710123 -0.059279 
189 0.586562 0.000000 0.440928 104.848035 -1.618261 -18.560972 -0.134024 
190 0.586562 0.000000 0.338245 -nan -nan -nan -nan 
191 0.693125 0.000000 0.440928 101.706457 -1.067618 -27.506596 -0.110196 
192 0.586562 0.000000 0.543612 101.938205 -1.047261 -8.366607 -0.046249 
193 0.426719 0.000000 0.389586 -nan -nan -nan -nan 
194 0.426719 0.000000 0.338245 -nan -nan -nan -nan 
195 0.480000 0.000000 0.389586 -nan -nan -nan -nan 
196 0.426719 0.000000 0.440928 -nan -nan -nan -nan 
197 0.586562 0.000000 0.235561 95.944882 0.988517 5.500535 0.076335 
198 0.586562 0.000000 0.132877 98.288664 0.400715 0.961083 0.033825 
199 0.693125 0.000000 0.235561 95.471596 1.448876 -1.715026 0.088013 
200 0.533281 0.000000 0.389586 -nan -nan -nan -nan 
201 0.533281 0.000000 0.338245 -nan -nan -nan -nan 
202 0.586562 0.000000 0.389586 -nan -nan -nan -nan 
203 0.533281 0.000000 0.440928 107.968653 -2.067239 -11.686843 -0.179809 
204 2.185000 0.000000 5.267061 99.999518 -0.031429 -0.012230 0.000010 
205 3.890000 0.000000 5.267061 99.999374 -0.037352 -0.014736 0.000012 
206 2.185000 0.000000 6.910000 99.999579 -0.022052 -0.006344 0.000008 
207 1.332500 0.000000 2.802653 100.002141 -0.065176 -0.052084 -0.000044 
208 2.185000 0.000000 2.802653 99.999061 -0.077800 -0.063638 0.000018 
209 1.332500 0.000000 3.624122 100.000313 -0.045020 -0.026151 -0.000007 
210 0.906250 0.000000 1.570449 100.055685 -0.165059 -0.247456 -0.001123 
211 1.332500 0.000000 1.570449 100.012719 -0.186174 -0.299949 -0.000267 
212 0.906250 0.000000 1.981183 100.014814 -0.094903 -0.113901 -0.000299 
213 0.693125 0.000000 0.954347 100.814685 -0.308558 -1.310732 -0.016541 
214 0.906250 0.000000 0.954347 100.440045 -0.447671 -1.641462 -0.009110 
215 0.693125 0.000000 1.159714 100.490478 -0.235771 -0.644925 -0.009881 
216 0.586562 0.000000 0.646296 100.826769 -0.715291 -3.883543 -0.018163 
217 0.693125 0.000000 0.646296 100.405603 -1.070467 -5.072531 -0.010816 
218 0.586562 0.000000 0.748979 100.676157 -0.638739 -2.013475 -0.014015 
219 0.533281 0.000000 0.492270 103.915637 -1.251206 -8.441790 -0.087129 
220 0.480000 0.000000 0.492270 102.806102 -1.215949 -3.565617 -0.058329 
221 0.586562 0.000000 0.492270 103.177342 -1.347195 -12.998709 -0.081635 
222 0.533281 0.000000 0.543612 102.193390 -0.995382 -5.838570 -0.047857 
223 0.506641 0.000000 0.415257 -nan -nan -nan -nan 
224 0.480000 0.000000 0.415257 -nan -nan -nan -nan 
225 0.506641 0.000000 0.389586 -nan -nan -nan -nan 
226 0.533281 0.000000 0.415257 -nan -nan -nan -nan 
227 0.506641 0.000000 0.440928 -nan -nan -nan -nan 
228 0.533281 0.000000 0.286903 -nan -nan -nan -nan 
229 0.480000 0.000000 0.286903 -nan -nan -nan -nan 
230 0.533281 0.000000 0.235561 -nan -nan -nan -nan 
231 0.586562 0.000000 0.286903 -nan -nan -nan -nan 
232 0.426719 0.000000 0.286903 -nan -nan -nan -nan 
233 0.373437 0.000000 0.286903 -nan -nan -nan -nan 
234 0.426719 0.000000 0.235561 -nan -nan -nan -nan 
235 0.506641 0.000000 0.312574 -nan -nan -nan -nan 
236 0.480000 0.000000 0.312574 -nan -nan -nan -nan 
237 0.506641 0.000000 0.286903 -nan -nan -nan -nan 
238 0.533281 0.000000 0.312574 -nan -nan -nan -nan 
239 0.506641 0.000000 0.338245 -nan -nan -nan -nan 
240 5.595000 0.000000 1.981183 99.998350 -0.152900 -0.179255 0.000027 
241 5.595000 0.000000 0.338245 99.997960 1.789579 -30.534598 -0.093516 
242 7.300000 0.000000 1.981183 99.999164 -0.154281 -0.180925 0.000011 
243 5.595000 0.000000 3.624122 99.999011 -0.067110 -0.039624 0.000019 
244 3.037500 0.000000 1.159714 99.989854 -0.365031 -0.812059 0.000124 
245 3.037500 0.000000 0.338245 99.985300 1.788699 -30.519888 -0.093172 
246 3.890000 0.000000 1.159714 99.994594 -0.367780 -0.816672 0.000028 
247 3.037500 0.000000 1.981183 99.995122 -0.144878 -0.172591 0.000092 
248 1.758750 0.000000 0.748979 99.949166 -0.893733 -3.626284 -0.000378 
249 1.758750 0.000000 0.338245 99.900742 1.781995 -30.614579 -0.092059 
250 2.185000 0.000000 0.748979 99.966463 -0.895187 -3.604280 -0.000709 
251 1.758750 0.000000 1.159714 99.980599 -0.354654 -0.806240 0.000310 
252 1.119375 0.000000 0.543612 99.890073 -1.550837 -13.768951 -0.017002 
253 1.119375 0.000000 0.338245 99.455910 1.745671 -30.912082 -0.085008 
254 1.332500 0.000000 0.543612 99.883150 -1.570606 -13.465096 -0.016042 
255 1.119375 0.000000 0.748979 100.125028 -0.862294 -3.936146 -0.004126 
256 0.799687 0.000000 0.440928 99.221680 -1.016313 -29.302122 -0.070459 
257 0.799687 0.000000 0.338245 -nan -nan -nan -nan 
258 0.906250 0.000000 0.440928 99.074162 -1.283563 -29.018362 -0.065940 
259 0.799687 0.000000 0.543612 99.955229 -1.534960 -12.779792 -0.015673 
260 0.639844 0.000000 0.389586 -nan -nan -nan -nan 
261 0.639844 0.000000 0.338245 -nan -nan -nan -nan 
262 0.693125 0.000000 0.389586 -nan -nan -nan -nan 
263 0.639844 0.000000 0.440928 103.504233 -1.214505 -23.804338 -0.128125 
264 5.595000 0.000000 -1.304694 99.998564 0.138601 -0.173837 0.000024 
265 5.595000 0.000000 -2.947633 99.999526 0.063712 -0.037222 0.000009 
266 7.300000 0.000000 -1.304694 99.999335 0.140167 -0.176453 0.000008 
267 3.037500 0.000000 -0.483225 99.987586 0.296029 -0.789890 0.000177 
268 3.037500 0.000000 -1.304694 99.993777 0.129870 -0.156666 0.000120 
269 3.890000 0.000000 -0.483225 99.994201 0.299543 -0.801145 0.000043 
270 1.758750 0.000000 -0.072490 99.902727 0.605064 -3.089256 0.000954 
271 1.758750 0.000000 -0.483225 99.943111 0.283544 -0.715034 0.001078 
272 2.185000 0.000000 -0.072490 99.956780 0.607358 -3.107394 -0.000138 
273 1.119375 0.000000 0.132877 99.312665 0.842207 -6.888051 0.008884 
274 1.119375 0.000000 -0.072490 99.435105 0.536560 -3.028815 0.010320 
275 1.332500 0.000000 0.132877 99.672264 0.950343 -6.892468 0.001703 
276 0.799687 0.000000 0.235561 96.868166 1.693210 -6.773973 0.056780 
277 0.799687 0.000000 0.132877 98.301110 0.792478 -4.124350 0.031925 
278 0.906250 0.000000 0.235561 98.267180 1.533262 -9.189980 0.025675 
279 0.639844 0.000000 0.286903 -nan -nan -nan -nan 
280 0.639844 0.000000 0.235561 95.535538 1.225343 1.913832 0.086780 
281 0.693125 0.000000 0.286903 -nan -nan -nan -nan 
282 0.746406 0.000000 0.286903 92.860597 2.327541 -8.590740 0.129769 
283 0.746406 0.000000 0.235561 95.964746 1.672043 -4.736548 0.076554 
284 0.799687 0.000000 0.286903 95.076631 2.197623 -13.595231 0.077077 
285 0.746406 0.000000 0.338245 -nan -nan -nan -nan 
286 0.666484 0.000000 0.312574 -nan -nan -nan -nan 
287 0.639844 0.000000 0.312574 -nan -nan -nan -nan 
288 0.666484 0.000000 0.286903 -nan -nan -nan -nan 
289 0.693125 0.000000 0.312574 -nan -nan -nan -nan 
290 0.666484 0.000000 0.338245 -nan -nan -nan -nan 
291 0.746406 0.000000 0.389586 -nan -nan -nan -nan 
292 0.799687 0.000000 0.389586 98.083221 0.356404 -37.592023 -0.103361 
293 0.746406 0.000000 0.440928 100.170177 -0.931171 -29.135752 -0.088382 
294 1.012812 0.000000 0.440928 99.470014 -1.228663 -29.463378 -0.076388 
295 1.012812 0.000000 0.338245 99.145352 1.727675 -30.709170 -0.077584 
296 1.119375 0.000000 0.440928 99.655452 -1.180074 -29.632160 -0.081067 
297 1.012812 0.000000 0.543612 99.953102 -1.538310 -13.961265 -0.018791 
298 0.852969 0.000000 0.389586 98.144322 0.162365 -36.265943 -0.094755 
299 0.852969 0.000000 0.338245 97.100704 1.790065 -29.959229 -0.032931 
300 0.906250 0.000000 0.389586 98.680902 0.046208 -36.231455 -0.105064 
301 0.852969 0.000000 0.440928 98.990404 -1.258895 -29.150253 -0.065042 
302 0.773047 0.000000 0.363916 -nan -nan -nan -nan 
303 0.746406 0.000000 0.363916 -nan -nan -nan -nan 
304 0.773047 0.000000 0.338245 -nan -nan -nan -nan 
305 0.799687 0.000000 0.363916 -nan -nan -nan -nan 
306 0.773047 0.000000 0.389586 99.467833 0.462023 -37.897167 -0.133026 
307 1.012812 0.000000 0.235561 98.965097 1.519228 -10.031250 0.010298 
308 1.012812 0.000000 0.132877 98.988416 0.911976 -6.677464 0.015587 
309 1.119375 0.000000 0.235561 99.330380 1.516441 -10.278994 0.002552 
310 0.852969 0.000000 0.286903 97.199777 2.101192 -15.621715 0.030375 
311 0.852969 0.000000 0.235561 97.705921 1.554541 -8.193540 0.038400 
312 0.906250 0.000000 0.286903 98.240778 2.079125 -16.207554 0.008174 
313 0.773047 0.000000 0.312574 -nan -nan -nan -nan 
314 0.746406 0.000000 0.312574 -nan -nan -nan -nan 
315 0.773047 0.000000 0.286903 93.813287 2.259631 -11.515713 0.106135 
316 0.799687 0.000000 0.312574 93.063572 2.326694 -19.975338 0.093474 
317 0.826328 0.000000 0.363916 96.556911 1.111754 -35.854286 -0.061000 
318 0.826328 0.000000 0.338245 95.312679 1.871962 -30.004045 0.001175 
319 0.852969 0.000000 0.363916 97.554527 1.055269 -35.175113 -0.075529 
320 0.826328 0.000000 0.389586 97.845633 0.207760 -36.722226 -0.092233 
321 0.786367 0.000000 0.351080 -nan -nan -nan -nan 
322 0.773047 0.000000 0.351080 -nan -nan -nan -nan 
323 0.786367 0.000000 0.338245 -nan -nan -nan -nan 
324 0.799687 0.000000 0.351080 -nan -nan -nan -nan 
325 0.786367 0.000000 0.363916 -nan -nan -nan -nan 
326 0.320156 0.000000 0.286903 -nan -nan -nan -nan 
327 0.320156 0.000000 0.235561 -nan -nan -nan -nan 
328 -1.225000 0.000000 -4.590572 100.002601 0.015308 -0.006879 -0.000052 
329 -2.930000 0.000000 -4.590572 100.001411 0.009865 -0.005316 -0.000028 
330 -1.225000 0.000000 -6.233511 100.001430 0.012827 -0.004073 -0.000029 
331 0.480000 0.000000 -4.590572 100.002903 0.022703 -0.008090 -0.000058 
332 -0.372500 0.000000 -2.126164 100.014573 0.030151 -0.027636 -0.000292 
333 -1.225000 0.000000 -2.126164 100.007383 0.019474 -0.023789 -0.000148 
334 -0.372500 0.000000 -2.947633 100.007650 0.025304 -0.015923 -0.000153 
335 0.480000 0.000000 -2.126164 100.014868 0.044819 -0.027817 -0.000298 
336 0.053750 0.000000 -0.893960 100.077061 0.069943 -0.120566 -0.001544 
337 -0.372500 0.000000 -0.893960 100.084975 0.050464 -0.132942 -0.001702 
338 0.053750 0.000000 -1.304694 100.046067 0.048163 -0.059510 -0.000922 
339 0.480000 0.000000 -0.893960 100.013549 0.105038 -0.060614 -0.000272 
340 0.266875 0.000000 -0.277857 99.745078 0.152060 -0.014673 0.005090 
341 0.053750 0.000000 -0.277857 99.922900 0.092314 -0.198090 0.001537 
342 0.266875 0.000000 -0.483225 99.917136 0.099170 -0.097413 0.001655 
343 0.480000 0.000000 -0.277857 99.496513 0.219187 -0.133056 0.010038 
344 0.373437 0.000000 0.030194 102.165208 0.243534 1.036817 -0.043886 
345 0.266875 0.000000 0.030194 102.726163 -0.038001 -0.269850 -0.055274 
346 0.373437 0.000000 -0.072490 101.144801 0.198293 0.362080 -0.023044 
347 0.480000 0.000000 0.030194 100.596575 0.244910 1.112930 -0.012097 
348 0.426719 0.000000 0.184219 -nan -nan -nan -nan 
349 0.373437 0.000000 0.184219 -nan -nan -nan -nan 
350 0.426719 0.000000 0.132877 102.214857 0.124122 4.966308 -0.047256 
351 0.480000 0.000000 0.184219 99.426972 0.234330 8.055696 0.004933 
352 0.400078 0.000000 0.261232 -nan -nan -nan -nan 
353 0.373437 0.000000 0.261232 -nan -nan -nan -nan 
354 0.400078 0.000000 0.235561 -nan -nan -nan -nan 
355 0.426719 0.000000 0.261232 -nan -nan -nan -nan 
356 0.400078 0.000000 0.286903 -nan -nan -nan -nan 
357 0.320156 0.000000 0.184219 -nan -nan -nan -nan 
358 0.266875 0.000000 0.184219 -nan -nan -nan -nan 
359 0.320156 0.000000 0.132877 106.094289 -0.076181 2.286518 -0.126123 
360 0.293516 0.000000 0.261232 -nan -nan -nan -nan 
361 0.266875 0.000000 0.261232 -nan -nan -nan -nan 
362 0.293516 0.000000 0.235561 -nan -nan -nan -nan 
363 0.320156 0.000000 0.261232 -nan -nan -nan -nan 
364 0.293516 0.000000 0.286903 -nan -nan -nan -nan 
365 0.160312 0.000000 0.030194 101.829252 -0.028362 -1.500218 -0.037145 
366 0.053750 0.000000 0.030194 100.600139 -0.014744 -1.699422 -0.012328 
367 0.160312 0.000000 -0.072490 101.157610 0.072831 -0.790263 -0.023349 
368 0.213594 0.000000 0.184219 -nan -nan -nan -nan 
369 0.160312 0.000000 0.184219 -nan -nan -nan -nan 
370 0.213594 0.000000 0.132877 105.280184 -0.448772 -2.540761 -0.109057 
371 0.240234 0.000000 0.261232 -nan -nan -nan -nan 
372 0.213594 0.000000 0.261232 -nan -nan -nan -nan 
373 0.240234 0.000000 0.235561 -nan -nan -nan -nan 
374 0.240234 0.000000 0.286903 -nan -nan -nan -nan 
375 -0.052812 0.000000 0.235561 98.394701 -0.077467 -1.594500 0.031593 
376 -0.159375 0.000000 0.235561 98.858601 0.040103 -0.101787 0.022696 
377 -0.052812 0.000000 0.132877 99.227627 -0.004382 -1.365792 0.015201 
378 0.107031 0.000000 0.286903 -nan -nan -nan -nan 
379 0.053750 0.000000 0.286903 -nan -nan -nan -nan 
380 0.107031 0.000000 0.235561 -nan -nan -nan -nan 
381 0.186953 0.000000 0.261232 -nan -nan -nan -nan 
382 0.160312 0.000000 0.261232 -nan -nan -nan -nan 
383 0.186953 0.000000 0.235561 -nan -nan -nan -nan 
384 0.186953 0.000000 0.286903 -nan -nan -nan -nan 
385 0.186953 0.000000 0.312574 -nan -nan -nan -nan 
386 0.160312 0.000000 0.312574 -nan -nan -nan -nan 
387 0.213594 0.000000 0.312574 -nan -nan -nan -nan 
388 0.133672 0.000000 0.312574 -nan -nan -nan -nan 
389 0.107031 0.000000 0.312574 -nan -nan -nan -nan 
390 0.133672 0.000000 0.286903 -nan -nan -nan -nan 
391 0.133672 0.000000 0.338245 -nan -nan -nan -nan 
392 0.173633 0.000000 0.299738 -nan -nan -nan -nan 
393 0.160312 0.000000 0.299738 -nan -nan -nan -nan 
394 0.173633 0.000000 0.286903 -nan -nan -nan -nan 
395 0.186953 0.000000 0.299738 -nan -nan -nan -nan 
396 0.173633 0.000000 0.312574 -nan -nan -nan -nan 
397 0.240234 0.000000 0.312574 -nan -nan -nan -nan 
398 0.266875 0.000000 0.312574 -nan -nan -nan -nan 
399 0.240234 0.000000 0.338245 -nan -nan -nan -nan 
400 0.200273 0.000000 0.325409 -nan -nan -nan -nan 
401 0.186953 0.000000 0.325409 -nan -nan -nan -nan 
402 0.200273 0.000000 0.312574 -nan -nan -nan -nan 
403 0.213594 0.000000 0.325409 -nan -nan -nan -nan 
404 0.200273 0.000000 0.338245 -nan -nan -nan -nan 
405 -4.635000 0.000000 5.267061 99.998933 -0.006353 -0.002482 0.000021 
406 -6.340000 0.000000 5.267061 99.999252 -0.004287 -0.001870 0.000015 
407 -4.635000 0.000000 6.910000 99.999327 -0.006623 -0.001920 0.000013 
408 -4.635000 0.000000 -4.590572 100.000613 0.006451 -0.003747 -0.000012 
409 -6.340000 0.000000 -4.590572 100.000253 0.004393 -0.002600 -0.000005 
410 -4.635000 0.000000 -6.233511 100.000614 0.006656 -0.002664 -0.000012 
411 5.595000 0.000000 5.267061 99.999412 -0.041016 -0.016110 0.000012 
412 7.300000 0.000000 5.267061 99.999541 -0.043182 -0.016907 0.000009 
413 5.595000 0.000000 6.910000 99.999607 -0.028624 -0.008382 0.000008 
414 -2.077500 0.000000 2.802653 99.994230 -0.012532 -0.006846 0.000115 
415 -2.930000 0.000000 2.802653 99.995589 -0.008405 -0.005798 0.000088 
416 -2.077500 0.000000 3.624122 99.996827 -0.013124 -0.005755 0.000063 
417 2.185000 0.000000 -4.590572 100.001667 0.030230 -0.010063 -0.000033 
418 2.185000 0.000000 -6.233511 100.001106 0.021444 -0.005544 -0.000022 
419 3.890000 0.000000 -4.590572 100.000542 0.035920 -0.012663 -0.000011 
420 5.595000 0.000000 -4.590572 100.000092 0.039526 -0.014706 -0.000002 
421 5.595000 0.000000 -6.233511 100.000291 0.027813 -0.007564 -0.000006 
422 7.300000 0.000000 -4.590572 99.999970 0.041699 -0.015999 0.000000 
423 -2.077500 0.000000 -2.126164 100.002488 0.012793 -0.017220 -0.000050 
424 -2.930000 0.000000 -2.126164 100.000521 0.008753 -0.011853 -0.000010 
425 -2.077500 0.000000 -2.947633 100.002926 0.013184 -0.011749 -0.000059 
426 3.037500 0.000000 2.802653 99.997834 -0.085508 -0.068857 0.000042 
427 3.890000 0.000000 2.802653 99.997889 -0.090002 -0.071498 0.000041 
428 3.037500 0.000000 3.624122 99.998879 -0.058755 -0.035382 0.000022 
429 -0.798750 0.000000 1.570449 99.968979 -0.024025 -0.004632 0.000620 
430 -1.225000 0.000000 1.570449 99.973135 -0.016731 -0.008935 0.000537 
431 -0.798750 0.000000 1.981183 99.986085 -0.026452 -0.008523 0.000278 
432 1.332500 0.000000 -2.126164 100.006031 0.060026 -0.035070 -0.000121 
433 1.332500 0.000000 -2.947633 100.004733 0.042452 -0.019629 -0.000095 
434 2.185000 0.000000 -2.126164 99.999804 0.071719 -0.048130 0.000003 
435 3.037500 0.000000 -2.126164 99.998194 0.079203 -0.058524 0.000035 
436 3.037500 0.000000 -2.947633 100.000189 0.055385 -0.029144 -0.000004 
437 3.890000 0.000000 -2.126164 99.998301 0.083733 -0.064892 0.000033 
438 -0.798750 0.000000 -0.893960 100.013156 0.024260 -0.088246 -0.000264 
439 -1.225000 0.000000 -0.893960 99.998475 0.017279 -0.059660 0.000030 
440 -0.798750 0.000000 -1.304694 100.016196 0.025938 -0.055477 -0.000324 
441 1.758750 0.000000 1.570449 99.993401 -0.191451 -0.314003 0.000118 
442 2.185000 0.000000 1.570449 99.990695 -0.202114 -0.322357 0.000172 
443 1.758750 0.000000 1.981183 99.999463 -0.126958 -0.158584 0.000007 
444 -0.159375 0.000000 0.954347 100.201000 -0.056861 0.406360 -0.004041 
445 -0.372500 0.000000 0.954347 100.003501 -0.028697 0.256805 -0.000077 
446 -0.159375 0.000000 1.159714 100.224899 -0.052440 0.241415 -0.004509 
447 0.906250 0.000000 -0.893960 100.051665 0.137612 -0.105343 -0.001037 
448 0.906250 0.000000 -1.304694 100.018674 0.082876 -0.063282 -0.000375 
449 1.332500 0.000000 -0.893960 99.975089 0.158166 -0.196697 0.000492 
450 1.758750 0.000000 -0.893960 99.976703 0.161889 -0.247258 0.000457 
451 1.758750 0.000000 -1.304694 99.992088 0.112055 -0.114897 0.000156 
452 2.185000 0.000000 -0.893960 99.981189 0.173333 -0.281139 0.000365 
453 -0.159375 0.000000 -0.277857 99.874269 0.056458 -0.214626 0.002508 
454 -0.372500 0.000000 -0.277857 99.916733 0.038048 -0.220079 0.001660 
455 -0.159375 0.000000 -0.483225 99.900399 0.052924 -0.101217 0.001990 
456 1.119375 0.000000 0.954347 100.183810 -0.487105 -1.678900 -0.003985 
457 1.332500 0.000000 0.954347 100.012766 -0.509196 -1.584469 -0.000532 
458 1.119375 0.000000 1.159714 100.146549 -0.309889 -0.861537 -0.003017 
459 0.160312 0.000000 0.646296 99.925193 -0.171454 0.861465 0.001418 
460 0.053750 0.000000 0.646296 99.892577 -0.060667 1.119754 0.002022 
461 0.160312 0.000000 0.748979 100.422261 -0.023514 0.624131 -0.008502 
462 -0.052812 0.000000 0.646296 99.795939 -0.055680 0.990221 0.003979 
463 -0.159375 0.000000 0.646296 99.708162 -0.066603 0.711447 0.005777 
464 -0.052812 0.000000 0.748979 100.159958 -0.105222 0.820365 -0.003270 
465 0.693125 0.000000 -0.277857 99.248930 0.263564 -0.648963 0.014916 
466 0.693125 0.000000 -0.483225 99.723422 0.167808 -0.290235 0.005513 
467 0.906250 0.000000 -0.277857 99.451251 0.296880 -1.046586 0.010827 
468 1.119375 0.000000 -0.277857 99.624086 0.333920 -1.284480 0.007328 
469 1.119375 0.000000 -0.483225 99.657950 0.228285 -0.688980 0.006777 
470 1.332500 0.000000 -0.277857 99.671075 0.361504 -1.501087 0.006329 
471 0.213594 0.000000 0.492270 99.691555 -0.773940 3.221183 0.005062 
472 0.160312 0.000000 0.492270 98.755246 -0.651915 2.923142 0.023843 
473 0.213594 0.000000 0.543612 99.747723 -0.418482 1.674087 0.004741 
474 0.107031 0.000000 0.492270 98.306771 -0.319497 2.082616 0.033134 
475 0.053750 0.000000 0.492270 98.308457 -0.254969 1.398816 0.033343 
476 0.107031 0.000000 0.543612 99.018261 -0.287009 1.452918 0.019319 
477 -0.052812 0.000000 0.030194 99.658292 0.063854 -0.804749 0.006757 
478 -0.159375 0.000000 0.030194 99.498705 0.039717 -0.464671 0.009979 
479 -0.052812 0.000000 -0.072490 99.794339 0.067721 -0.479722 0.004086 
480 0.107031 0.000000 0.184219 100.497958 -0.663601 -5.789583 -0.013380 
481 0.053750 0.000000 0.184219 99.094954 -0.325536 -3.755142 0.016598 
482 0.107031 0.000000 0.132877 101.337456 -0.258133 -3.826753 -0.028399 
483 0.799687 0.000000 0.646296 100.242693 -1.196854 -6.059120 -0.008674 
484 0.906250 0.000000 0.646296 100.200004 -1.212154 -6.704603 -0.008646 
485 0.799687 0.000000 0.748979 100.335881 -0.751444 -3.328157 -0.007893 
486 0.426719 0.000000 0.492270 101.526716 -1.041683 -1.151744 -0.031009 
487 0.426719 0.000000 0.543612 101.380647 -0.668744 -1.526482 -0.028081 
488 0.240234 0.000000 0.363916 -nan -nan -nan -nan 
489 0.266875 0.000000 0.363916 -nan -nan -nan -nan 
490 0.240234 0.000000 0.389586 -nan -nan -nan -nan 
491 0.240234 0.000000 0.415257 -nan -nan -nan -nan 
492 0.213594 0.000000 0.415257 -nan -nan -nan -nan 
493 0.240234 0.000000 0.440928 100.160199 -1.704627 7.784945 -0.009558 
494 0.186953 0.000000 0.415257 -nan -nan -nan -nan 
495 0.160312 0.000000 0.415257 -nan -nan -nan -nan 
496 0.186953 0.000000 0.440928 97.523173 -1.486205 5.678014 0.045478 
497 0.133672 0.000000 0.363916 -nan -nan -nan -nan 
498 0.107031 0.000000 0.363916 -nan -nan -nan -nan 
499 0.133672 0.000000 0.389586 -nan -nan -nan -nan 
500 0.133672 0.000000 0.415257 -nan -nan -nan -nan 
501 0.107031 0.000000 0.415257 96.172772 -1.140607 2.817310 0.074156 
502 0.133672 0.000000 0.440928 97.057161 -1.175941 3.490783 0.056634 
503 0.586562 0.000000 0.030194 99.495848 0.520208 -0.075749 0.010030 
504 0.586562 0.000000 -0.072490 99.815342 0.405263 -0.124324 0.003672 
505 0.693125 0.000000 0.030194 99.053160 0.471304 -1.321580 0.018650 
506 0.799687 0.000000 0.030194 98.878341 0.620451 -2.792100 0.021489 
507 0.799687 0.000000 -0.072490 99.077519 0.420575 -1.847860 0.018005 
508 0.906250 0.000000 0.030194 98.928952 0.590832 -3.832474 0.019803 
509 0.293516 0.000000 0.363916 -nan -nan -nan -nan 
510 0.293516 0.000000 0.338245 -nan -nan -nan -nan 
511 0.320156 0.000000 0.363916 -nan -nan -nan -nan 
512 0.639844 0.000000 0.492270 102.114930 -1.273235 -16.238049 -0.069275 
513 0.693125 0.000000 0.492270 101.095129 -1.313993 -18.337877 -0.055823 
514 0.639844 0.000000 0.543612 101.397348 -1.168069 -10.397260 -0.039089 
515 0.533281 0.000000 0.184219 97.861143 0.355139 5.207943 0.039595 
516 0.533281 0.000000 0.132877 98.918188 0.204540 2.662132 0.020806 
517 0.586562 0.000000 0.184219 97.297396 0.524300 2.673911 0.052579 
518 0.639844 0.000000 0.184219 97.030254 0.708515 0.201250 0.058459 
519 0.639844 0.000000 0.132877 98.005143 0.698414 -0.689661 0.039403 
520 0.693125 0.000000 0.184219 97.049495 1.011402 -1.991496 0.057641 
521 0.506641 0.000000 0.363916 -nan -nan -nan -nan 
522 0.480000 0.000000 0.363916 -nan -nan -nan -nan 
523 0.533281 0.000000 0.363916 -nan -nan -nan -nan 
524 1.012812 0.000000 0.646296 100.161481 -1.077683 -6.986054 -0.008229 
525 1.119375 0.000000 0.646296 100.047053 -1.148794 -6.874142 -0.005799 
526 1.012812 0.000000 0.748979 100.293102 -0.761327 -4.009099 -0.007536 
527 0.746406 0.000000 0.492270 100.259260 -1.421854 -19.326831 -0.042747 
528 0.799687 0.000000 0.492270 99.673333 -1.547790 -19.596049 -0.032117 
529 0.746406 0.000000 0.543612 100.238643 -1.318988 -12.340169 -0.020181 
530 1.012812 0.000000 0.030194 98.967579 0.618480 -4.758347 0.018239 
531 1.012812 0.000000 -0.072490 99.227623 0.411865 -2.894473 0.014533 
532 1.119375 0.000000 0.030194 99.341115 0.604051 -4.713396 0.010876 
533 0.746406 0.000000 0.184219 97.327210 1.144341 -3.755797 0.051200 
534 0.746406 0.000000 0.132877 98.159857 0.861533 -3.190675 0.035372 
535 0.799687 0.000000 0.184219 97.791987 1.180036 -4.957064 0.041076 
536 0.852969 0.000000 0.184219 98.162927 1.104690 -6.030921 0.032645 
537 0.852969 0.000000 0.132877 98.356329 0.872837 -5.263365 0.029757 
538 0.906250 0.000000 0.184219 98.527915 1.094953 -6.752342 0.024546 
539 0.719766 0.000000 0.312574 -nan -nan -nan -nan 
540 0.719766 0.000000 0.286903 -nan -nan -nan -nan 
541 0.719766 0.000000 0.338245 -nan -nan -nan -nan 
542 0.719766 0.000000 0.363916 -nan -nan -nan -nan 
543 0.693125 0.000000 0.363916 -nan -nan -nan -nan 
544 0.719766 0.000000 0.389586 -nan -nan -nan -nan 
545 0.826328 0.000000 0.312574 95.611872 2.204670 -21.882321 0.037467 
546 0.826328 0.000000 0.286903 96.292105 2.147430 -14.871189 0.050207 
547 0.852969 0.000000 0.312574 97.019539 2.141432 -22.502313 0.007627 
548 0.346797 0.000000 0.261232 -nan -nan -nan -nan 
549 0.346797 0.000000 0.235561 -nan -nan -nan -nan 
550 0.346797 0.000000 0.286903 -nan -nan -nan -nan 
551 0.293516 0.000000 0.312574 -nan -nan -nan -nan 
552 0.320156 0.000000 0.312574 -nan -nan -nan -nan 
553 0.133672 0.000000 0.261232 -nan -nan -nan -nan 
554 0.107031 0.000000 0.261232 -nan -nan -nan -nan 
555 0.133672 0.000000 0.235561 -nan -nan -nan -nan 
556 0.200273 0.000000 0.299738 -nan -nan -nan -nan 
557 0.200273 0.000000 0.286903 -nan -nan -nan -nan 
558 0.213594 0.000000 0.299738 -nan -nan -nan -nan 
559 0.173633 0.000000 0.325409 -nan -nan -nan -nan 
560 0.160312 0.000000 0.325409 -nan -nan -nan -nan 
561 0.173633 0.000000 0.338245 -nan -nan -nan -nan 
562 0.852969 0.000000 0.492270 99.486043 -1.644149 -19.779878 -0.029142 
563 0.906250 0.000000 0.492270 99.462942 -1.677245 -19.921289 -0.029255 
564 0.852969 0.000000 0.543612 99.870130 -1.590592 -13.264860 -0.015253 
565 0.666484 0.000000 0.363916 -nan -nan -nan -nan 
566 0.639844 0.000000 0.363916 -nan -nan -nan -nan 
567 0.666484 0.000000 0.389586 -nan -nan -nan -nan 
568 0.346797 0.000000 0.312574 -nan -nan -nan -nan 
569 0.373437 0.000000 0.312574 -nan -nan -nan -nan 
570 0.346797 0.000000 0.338245 -nan -nan -nan -nan 
571 0.346797 0.000000 0.363916 -nan -nan -nan -nan 
572 0.373437 0.000000 0.363916 -nan -nan -nan -nan 
573 0.346797 0.000000 0.389586 -nan -nan -nan -nan 
574 0.346797 0.000000 0.415257 -nan -nan -nan -nan 
575 0.373437 0.000000 0.415257 -nan -nan -nan -nan 
576 0.346797 0.000000 0.440928 -nan -nan -nan -nan 
577 0.400078 0.000000 0.312574 -nan -nan -nan -nan 
578 0.426719 0.000000 0.312574 -nan -nan -nan -nan 
579 0.400078 0.000000 0.338245 -nan -nan -nan -nan 
1 6 78 76 77 
2 78 12 24 76 
3 76 24 10 79 
4 77 76 79 11 
5 12 82 80 81 
6 82 25 40 80 
7 80 40 23 83 
8 81 80 83 24 
9 25 86 84 85 
10 86 41 56 84 
11 84 56 39 87 
12 85 84 87 40 
13 41 90 88 89 
14 89 88 91 56 
15 16 106 104 105 
16 106 15 32 104 
17 104 32 12 78 
18 105 104 78 6 
19 32 109 107 108 
20 109 31 48 107 
21 107 48 25 82 
22 108 107 82 12 
23 48 112 110 111 
24 112 47 64 110 
25 110 64 41 86 
26 111 110 86 25 
27 64 115 113 114 
28 114 113 90 41 
29 90 135 133 134 
30 135 57 100 133 
31 133 100 72 136 
32 134 133 136 88 
33 57 139 137 138 
34 138 137 140 100 
35 101 153 151 152 
36 153 130 154 151 
37 151 154 128 155 
38 152 151 155 129 
39 10 27 160 161 
40 27 13 162 160 
41 160 162 9 163 
42 161 160 163 14 
43 23 43 164 165 
44 43 26 166 164 
45 164 166 13 167 
46 165 164 167 27 
47 39 59 168 169 
48 59 42 170 168 
49 168 170 26 171 
50 169 168 171 43 
51 55 75 172 173 
52 75 58 174 172 
53 172 174 42 175 
54 173 172 175 59 
55 71 127 176 177 
56 127 74 178 176 
57 176 178 58 179 
58 177 176 179 75 
59 102 159 180 181 
60 159 124 182 180 
61 180 182 127 183 
62 181 180 183 71 
63 131 186 184 185 
64 186 156 187 184 
65 184 187 159 188 
66 185 184 188 102 
67 125 194 193 158 
68 194 5 195 193 
69 193 195 126 196 
70 158 193 196 124 
71 201 190 202 200 
72 200 202 189 203 
73 13 38 204 162 
74 38 19 205 204 
75 204 205 22 206 
76 162 204 206 9 
77 26 54 207 166 
78 54 35 208 207 
79 207 208 38 209 
80 166 207 209 13 
81 42 70 210 170 
82 70 51 211 210 
83 210 211 54 212 
84 170 210 212 26 
85 58 123 213 174 
86 123 67 214 213 
87 213 214 70 215 
88 174 213 215 42 
89 74 192 216 178 
90 192 120 217 216 
91 216 217 123 218 
92 178 216 218 58 
93 126 203 219 220 
94 203 189 221 219 
95 219 221 192 222 
96 220 219 222 74 
97 195 225 223 224 
98 225 200 226 223 
99 223 226 203 227 
100 224 223 227 126 
101 146 230 228 229 
102 230 197 231 228 
103 228 231 190 201 
104 234 146 229 232 
105 232 229 5 194 
106 229 237 235 236 
107 237 228 238 235 
108 235 238 201 239 
109 236 235 239 5 
110 20 241 240 37 
111 241 8 242 240 
112 240 242 21 243 
113 37 240 243 19 
114 36 245 244 53 
115 245 20 246 244 
116 244 246 37 247 
117 53 244 247 35 
118 52 249 248 69 
119 249 36 250 248 
120 248 250 53 251 
121 69 248 251 51 
122 253 52 254 252 
123 252 254 69 255 
124 190 261 260 202 
125 260 262 191 263 
126 202 260 263 189 
127 28 265 264 46 
128 265 30 266 264 
129 264 266 8 241 
130 46 264 241 20 
131 44 268 267 62 
132 268 46 269 267 
133 267 269 20 245 
134 62 267 245 36 
135 60 271 270 94 
136 271 62 272 270 
137 270 272 36 249 
138 94 270 249 52 
139 274 94 275 273 
140 273 275 52 253 
141 197 280 279 231 
142 280 199 281 279 
143 231 279 261 190 
144 199 283 282 281 
145 283 276 284 282 
146 279 288 286 287 
147 288 281 289 286 
148 286 289 121 290 
149 287 286 290 261 
150 291 292 256 293 
151 262 291 293 191 
152 68 295 294 258 
153 295 253 296 294 
154 294 296 252 297 
155 258 294 297 122 
156 299 68 300 298 
157 298 300 258 301 
158 292 298 301 256 
159 285 304 302 303 
160 302 305 292 306 
161 303 302 306 291 
162 143 308 307 278 
163 308 273 309 307 
164 307 309 253 295 
165 278 307 295 68 
166 276 311 310 284 
167 311 278 312 310 
168 310 312 68 299 
169 282 315 313 314 
170 315 284 316 313 
171 313 316 257 304 
172 314 313 304 285 
173 257 318 317 305 
174 318 299 319 317 
175 317 319 298 320 
176 305 317 320 292 
177 304 323 321 322 
178 323 257 324 321 
179 321 324 305 325 
180 322 321 325 302 
181 17 330 328 329 
182 330 7 331 328 
183 328 331 18 33 
184 329 328 33 15 
185 33 334 332 333 
186 334 18 335 332 
187 332 335 34 49 
188 333 332 49 31 
189 49 338 336 337 
190 338 34 339 336 
191 336 339 50 65 
192 337 336 65 47 
193 65 342 340 341 
194 342 50 343 340 
195 340 343 66 97 
196 341 340 97 63 
197 97 346 344 345 
198 346 66 347 344 
199 344 347 98 145 
200 345 344 145 95 
201 145 350 348 349 
202 350 98 351 348 
203 348 351 146 234 
204 349 348 234 144 
205 144 354 352 353 
206 354 234 355 352 
207 352 355 232 356 
208 353 352 356 233 
209 95 359 357 358 
210 359 145 349 357 
211 357 349 144 327 
212 358 357 327 119 
213 119 362 360 361 
214 362 327 363 360 
215 360 363 326 364 
216 361 360 364 150 
217 63 367 365 366 
218 367 97 345 365 
219 365 345 95 118 
220 366 365 118 96 
221 118 370 368 369 
222 370 95 358 368 
223 368 358 119 149 
224 369 368 149 116 
225 149 373 371 372 
226 373 119 361 371 
227 371 361 150 374 
228 372 371 374 147 
229 113 377 375 376 
230 377 96 117 375 
231 375 117 57 135 
232 376 375 135 90 
233 117 380 378 379 
234 379 378 139 57 
235 116 383 381 382 
236 383 149 372 381 
237 381 372 147 384 
238 382 381 384 148 
239 378 390 388 389 
240 390 148 386 388 
241 388 386 101 391 
242 389 388 391 139 
243 148 394 392 393 
244 394 384 395 392 
245 392 395 385 396 
246 393 392 396 386 
247 147 374 397 387 
248 374 150 398 397 
249 397 398 73 399 
250 387 397 399 130 
251 385 402 400 401 
252 402 387 403 400 
253 400 403 130 404 
254 401 400 404 153 
255 11 79 405 406 
256 79 10 161 405 
257 405 161 14 407 
258 406 405 407 4 
259 1 410 408 409 
260 410 17 329 408 
261 408 329 15 106 
262 409 408 106 16 
263 19 243 411 205 
264 243 21 412 411 
265 411 412 3 413 
266 205 411 413 22 
267 24 83 414 415 
268 83 23 165 414 
269 414 165 27 416 
270 415 414 416 10 
271 7 418 417 331 
272 418 29 419 417 
273 417 419 28 45 
274 331 417 45 18 
275 29 421 420 419 
276 421 2 422 420 
277 420 422 30 265 
278 419 420 265 28 
279 15 425 423 424 
280 425 33 333 423 
281 423 333 31 109 
282 424 423 109 32 
283 35 247 426 208 
284 247 37 427 426 
285 426 427 19 428 
286 208 426 428 38 
287 40 87 429 430 
288 87 39 169 429 
289 429 169 43 431 
290 430 429 431 23 
291 18 433 432 335 
292 433 45 434 432 
293 432 434 44 61 
294 335 432 61 34 
295 45 436 435 434 
296 436 28 437 435 
297 435 437 46 268 
298 434 435 268 44 
299 31 440 438 439 
300 440 49 337 438 
301 438 337 47 112 
302 439 438 112 48 
303 51 251 441 211 
304 251 53 442 441 
305 441 442 35 443 
306 211 441 443 54 
307 56 91 444 445 
308 91 55 173 444 
309 444 173 59 446 
310 445 444 446 39 
311 34 448 447 339 
312 448 61 449 447 
313 447 449 60 93 
314 339 447 93 50 
315 61 451 450 449 
316 451 44 452 450 
317 450 452 62 271 
318 449 450 271 60 
319 47 455 453 454 
320 455 65 341 453 
321 453 341 63 115 
322 454 453 115 64 
323 67 255 456 214 
324 255 69 457 456 
325 456 457 51 458 
326 214 456 458 70 
327 72 103 459 460 
328 103 71 177 459 
329 459 177 75 461 
330 460 459 461 55 
331 88 136 462 463 
332 136 72 460 462 
333 462 460 55 464 
334 463 462 464 91 
335 50 466 465 343 
336 466 93 467 465 
337 465 467 92 142 
338 343 465 142 66 
339 93 469 468 467 
340 469 60 470 468 
341 468 470 94 274 
342 467 468 274 92 
343 99 132 471 472 
344 132 102 181 471 
345 471 181 71 473 
346 472 471 473 103 
347 100 140 474 475 
348 140 99 472 474 
349 474 472 103 476 
350 475 474 476 72 
351 115 479 477 478 
352 479 63 366 477 
353 477 366 96 377 
354 478 477 377 113 
355 96 482 480 481 
356 482 118 369 480 
357 480 369 116 380 
358 481 480 380 117 
359 120 259 483 217 
360 259 122 484 483 
361 483 484 67 485 
362 217 483 485 123 
363 124 196 486 182 
364 196 126 220 486 
365 486 220 74 487 
366 182 486 487 127 
367 130 399 488 154 
368 399 73 489 488 
369 488 489 131 490 
370 154 488 490 128 
371 128 490 491 492 
372 490 131 185 491 
373 491 185 102 493 
374 492 491 493 132 
375 129 155 494 495 
376 155 128 492 494 
377 494 492 132 496 
378 495 494 496 99 
379 139 391 497 498 
380 391 101 152 497 
381 497 152 129 499 
382 498 497 499 137 
383 137 499 500 501 
384 499 129 495 500 
385 500 495 99 502 
386 501 500 502 140 
387 66 504 503 347 
388 504 142 505 503 
389 503 505 141 198 
390 347 503 198 98 
391 142 507 506 505 
392 507 92 508 506 
393 506 508 143 277 
394 505 506 277 141 
395 73 510 509 489 
396 510 157 511 509 
397 509 511 156 186 
398 489 509 186 131 
399 189 263 512 221 
400 263 191 513 512 
401 512 513 120 514 
402 221 512 514 192 
403 98 516 515 351 
404 516 198 517 515 
405 515 517 197 230 
406 351 515 230 146 
407 198 519 518 517 
408 519 141 520 518 
409 518 520 199 280 
410 517 518 280 197 
411 5 239 521 522 
412 239 201 523 521 
413 521 523 200 225 
414 522 521 225 195 
415 122 297 524 484 
416 297 252 525 524 
417 524 525 255 526 
418 484 524 526 67 
419 191 293 527 513 
420 293 256 528 527 
421 527 528 259 529 
422 513 527 529 120 
423 92 531 530 508 
424 531 274 532 530 
425 530 532 273 308 
426 508 530 308 143 
427 141 534 533 520 
428 534 277 535 533 
429 533 535 276 283 
430 520 533 283 199 
431 277 537 536 535 
432 537 143 538 536 
433 536 538 278 311 
434 535 536 311 276 
435 281 540 539 289 
436 540 282 314 539 
437 539 314 285 541 
438 289 539 541 121 
439 121 541 542 543 
440 541 285 303 542 
441 542 303 291 544 
442 543 542 544 262 
443 284 546 545 316 
444 546 310 547 545 
445 545 547 299 318 
446 316 545 318 257 
447 327 549 548 363 
448 549 144 353 548 
449 548 353 233 550 
450 363 548 550 326 
451 150 364 551 398 
452 364 326 552 551 
453 551 552 157 510 
454 398 551 510 73 
455 380 555 553 554 
456 555 116 382 553 
457 553 382 148 390 
458 554 553 390 378 
459 384 557 556 395 
460 557 147 558 556 
461 556 558 387 402 
462 395 556 402 385 
463 386 396 559 560 
464 396 385 401 559 
465 559 401 153 561 
466 560 559 561 101 
467 256 301 562 528 
468 301 258 563 562 
469 562 563 122 564 
470 528 562 564 259 
471 261 290 565 566 
472 290 121 543 565 
473 565 543 262 567 
474 566 565 567 260 
475 326 550 568 552 
476 550 233 569 568 
477 568 569 125 570 
478 552 568 570 157 
479 157 570 571 511 
480 570 125 572 571 
481 571 572 158 573 
482 511 571 573 156 
483 156 573 574 187 
484 573 158 575 574 
485 574 575 124 576 
486 187 574 576 159 
487 233 356 577 569 
488 356 232 578 577 
489 577 578 194 579 
490 569 577 579 125 
