Clark-Y
0.16349421680719217 -0.039939080863393976
0.16370088720892803 -0.04044890834985026
0.16386957554476284 -0.04074332883649018
0.16417899485982804 -0.041173615761535054
0.16475665629758832 -0.04180066214915302
0.16585482634839335 -0.04273062514864004
0.16692551831156438 -0.04350475216929041
0.16903774670887606 -0.04488765698886041
0.17160825863124737 -0.04622058241008506
0.17411718449092736 -0.0472042359136264
0.17658780877205935 -0.04797067037108585
0.17903187356441713 -0.04858647848272207
0.18386848173481896 -0.049525902245675796
0.18866087734270504 -0.050214584106635096
0.19341553051917518 -0.05068921800247718
0.1981379927964695 -0.05098128823706586
0.20283325655969575 -0.05111910803330024
0.20750307912841204 -0.051112643645640804
0.21214706111180975 -0.050959630016255614
0.21676596135242523 -0.05066437075502535
0.2213634941847788 -0.050247930899786936
0.22594365351695678 -0.04973296102885964
0.23051043325704557 -0.04914211172056275
0.2350676276177271 -0.0484969010242996
0.23961795245650008 -0.04781273133332729
0.2441609285043943 -0.04708688457824749
0.24869579691887317 -0.04631505714917955
0.25322167904015785 -0.045492265918893236
0.2577378160257118 -0.04461420727750787
0.2622437685456456 -0.04367838966140834
0.2667400158689296 -0.04268753113999297
0.2712271970208576 -0.041645255805792813
0.27570595102672346 -0.040555187751338984
0.28017695685090177 -0.039421177574945745
0.2846406538232821 -0.038245716840228226
0.28909716176110706 -0.037029485064536
0.29354648066437655 -0.03577248224786908
0.2979886105330906 -0.03447470839022745
0.30242359130633023 -0.03313638999739429
0.3068515827404187 -0.0317584330925024
0.3112729043480029 -0.030342649721817314
0.3156881152762151 -0.028892210966303726
0.32009757497678293 -0.027409155378010377
0.3245018425968385 -0.025896654037901957
0.3289012376490288 -0.02435651899224402
0.33329584001151547 -0.02278920325260294
0.3376857695015411 -0.021195386336328306
0.34207094624094403 -0.019574615231853727
0.34645152998604767 -0.017927795962311973
0.35082748079777104 -0.01625470202191986
0.35519903831059957 -0.014556692445376532
0.3595662025245331 -0.012833767232681998
0.3639291731349759 -0.011087058912752218
0.36828806995917074 -0.009317247002936766
0.37264301281436 -0.007525011020585233
0.3769937221269778 -0.005708765425215262
0.3813400780797815 -0.0038678306994772748
0.38351183821881263 -0.0029393223813049363
0.3856828794543884 -0.0020067369590351224
0.3878535212991554 -0.0010718864789333858
0.39002392350943715 -0.0001356769641324919
0.3899760764905629 -0.0001356769641324919
0.387696321076877 -0.00018035971628649398
0.3854166056022721 -0.0004966229024886727
0.3831368901276671 -0.0008128860886908561
0.3808571746530622 -0.0011291492748930348
0.37629770376477145 -0.0017614491415141992
0.37173827281556154 -0.0023939755139185566
0.3671788019272708 -0.0030262753805397214
0.3626193709780609 -0.0036588017529440835
0.3580599000897702 -0.004291101619565248
0.3535004691405603 -0.004923627991969605
0.34894099825226954 -0.005555927858590774
0.3443815673030597 -0.006188454230995128
0.3398220964147689 -0.006820754097616297
0.335262665465559 -0.007453280470020654
0.33070319457726827 -0.008085580336641819
0.32614376362805836 -0.008718106709046181
0.32158429273976763 -0.009350406575667344
0.3170248617905577 -0.009982932948071703
0.312465390902267 -0.010615232814692867
0.3079059200139762 -0.011247532681314036
0.30334648906476636 -0.011880059053718394
0.2987870581155565 -0.012512585426122751
0.29422762716634654 -0.013145111798527113
0.2896681962171367 -0.013777638170931467
0.28510876526792683 -0.014410164543335824
0.28054929437963605 -0.01504246440995699
0.27598978355226444 -0.015674537770794965
0.2714302327858119 -0.016306384625849747
0.2668707219584403 -0.016938457986687718
0.2623112111310687 -0.017570531347525696
0.25775182012093967 -0.018203284225713247
0.2531925489280532 -0.018836716621250374
0.2486333975524094 -0.019470828534137084
0.24407428611584642 -0.02010516695280698
0.23951497498387914 -0.02073837284256092
0.23495538427834578 -0.02136999319183251
0.23039523442568036 -0.021998442460139395
0.2258346851822063 -0.022624626670614354
0.22127477496402603 -0.023254434973620404
0.21671662206540376 -0.02389420953108693
0.21216146459784627 -0.02455097202229292
0.2076105406728603 -0.025231744126517342
0.20306512834103344 -0.025943774028822378
0.19852678522651943 -0.02669589545475254
0.19399726864887623 -0.027498074658768315
0.1894782161104192 -0.0283595983779806
0.1849714248697873 -0.029290659372633084
0.18047805316032545 -0.03029782631043834
0.1760010964130985 -0.03139808712513585
0.17377929260574548 -0.0320427836969676
0.1715751019330532 -0.032787369319187375
0.16938652744097848 -0.03362051870263554
0.1672146874237856 -0.0345485740092415
0.16553440018601148 -0.035615329234901724
0.16473569336352017 -0.03638370659779437
0.16398036038284652 -0.03739806924123441
0.16363526421295377 -0.03808996602914817
0.1634834045718947 -0.03855324441879892
0.16342095419115651 -0.03886132931545187
0.16349421680719217 -0.039939080863393976
