0.43 0.32
0.43012679930187464 0.31971608891894804
0.4302278944814135 0.31955310622577476
0.4304111648766268 0.31931615227109506
0.4307498392631331 0.31897334548466194
0.4313885102243028 0.3184696967099602
0.4320085855638458 0.31805353345666815
0.43322900542347315 0.31731403315739365
0.4347073114239058 0.31661180488490315
0.436143939446797 0.31610565608045577
0.43755464711919406 0.31572145293739184
0.4389473808259199 0.3154218106544114
0.4416979814488214 0.3149865614410935
0.4444186615002973 0.3146920774489972
0.44711379960055625 0.31451775888965106
0.44978715271385133 0.3144459306359098
0.45244209940515834 0.31446069778926156
0.4550798289293487 0.31455646534543
0.4577000710012244 0.31473450489629623
0.4603033391626617 0.3149924004172863
0.4628921470660026 0.3153183261039075
0.46546919756322785 0.3156995660373501
0.4680371935063179 0.31612340429880476
0.4705987026046545 0.3165777607654022
0.47315556279758436 0.3170539886123521
0.47570744974286994 0.3175536137499116
0.47825384989863473 0.3180790522026544
0.4807941686374432 0.31863310147271867
0.48332789241741886 0.31921817758467824
0.48585472392484397 0.31983567928960216
0.48837498750195607 0.3204840806772332
0.4908891156050722 0.32116134720056194
0.4933975406905092 0.3218654443125788
0.4959007222431038 0.3225942103070861
0.4983989575765737 0.32334624643301496
0.5008923277764786 0.32412117121280093
0.5033808328428183 0.3249189846464441
0.505864472775593 0.32573968673394443
0.5083432746033222 0.32658315031611385
0.5108173464400854 0.32744886675619994
0.5132869045140409 0.32833581878069795
0.5157523272244661 0.3292422261609746
0.5182138578280391 0.330166944464337
0.5206718747240373 0.3311081934621517
0.5231265941406191 0.3320649558809141
0.5255780701348243 0.33303697740224797
0.5280263837922119 0.334023876548589
0.5304714810557427 0.33502590763831336
0.5329134700394959 0.3360425620346687
0.5353523237149513 0.3370739668968431
0.5377882042532283 0.338119359269708
0.5402211116543264 0.33917873915326335
0.5426511810608449 0.34025147075156875
0.5450784935583431 0.34133717258705987
0.5475031302323805 0.34243546318217244
0.5499249018833186 0.34354723265122317
0.5523437274255976 0.34467286247177625
0.553552180684284 0.34524019153323016
0.5547601474296139 0.3458098094600698
0.5559678438897457 0.3463806989787904
0.5571753781787587 0.3469523514526396
0.5571429980120308 0.3469523514526396
0.555861459635788 0.3468811975431339
0.5545799482880652 0.3466575797671018
0.5532984369403423 0.34643396199106974
0.5520169255926195 0.34621034421503766
0.549453875868654 0.3457632358221616
0.5468908531732083 0.34531600027009746
0.5443278034492427 0.34486889187722136
0.541764780753797 0.3444216563251572
0.5392017310298315 0.34397454793228116
0.5366387083343858 0.343527312380217
0.5340756586104202 0.34308020398734096
0.5315126359149744 0.3426329684352768
0.528949586191009 0.34218586004240076
0.5263865634955632 0.3417386244903366
0.5238235137715976 0.3412915160974605
0.521260491076152 0.3408442805453964
0.5186974413521864 0.3403971721525203
0.5161344186567407 0.33994993660045614
0.5135713689327752 0.3395028282075801
0.5110083192088096 0.33905571981470406
0.5084452965133639 0.3386084842626399
0.5058822738179182 0.33816124871057573
0.5033192511224724 0.3377140131585116
0.5007562284270267 0.3372667776064474
0.498193205731581 0.33681954205438325
0.4956301560076155 0.3363724336615072
0.49306707925513016 0.33592545242781924
0.490503975474125 0.3354785983533194
0.48794089872163965 0.3350316171196314
0.4853778219691543 0.33458463588594345
0.4828148263022284 0.3341372731746912
0.4802519117208619 0.3336895289858747
0.4776890782250548 0.3332414033194938
0.47512627175776756 0.33279315049392494
0.4725633301478812 0.33234553346429646
0.4700001993383563 0.3318988065489847
0.467436690129554 0.33145385986230624
0.46487291063555375 0.33101018476750876
0.46230956359787034 0.33056447512570175
0.4597474058150584 0.3301131704796186
0.457187275171232 0.3296523288944282
0.454630009550505 0.3291780084352997
0.45207647386551125 0.3286861400082141
0.4495277222285233 0.3281717644048356
0.44698494389441246 0.32762928662088797
0.44444924703249095 0.32705349312965937
0.4419218479261499 0.3264386617676855
0.4394035304024638 0.32578110491851153
0.43689632160041814 0.3250712856430304
0.43565400160641443 0.32466328704426
0.4344236011896453 0.3241992112435395
0.43320376892412044 0.32368541620027375
0.4319952616083944 0.32311834145719603
0.43106715519047223 0.3224826151372188
0.4306311440708102 0.3220328243195813
0.43022448592365786 0.3214449386236721
0.4300431986079837 0.32104729745782573
0.4299665557234063 0.32078260841546913
0.42993735640655223 0.3206073476683087
0.43 0.32
