9.978761e-01  5.664900e-04
9.898811e-01  2.024182e-03
9.797334e-01  3.850661e-03
9.695891e-01  5.650074e-03
9.594479e-01  7.419803e-03
9.493097e-01  9.157303e-03
9.391745e-01  1.086010e-02
9.290421e-01  1.252580e-02
9.189125e-01  1.415206e-02
9.087857e-01  1.573665e-02
8.986618e-01  1.727737e-02
8.885407e-01  1.877211e-02
8.784226e-01  2.021885e-02
8.683076e-01  2.161563e-02
8.581959e-01  2.296057e-02
8.480877e-01  2.425185e-02
8.379832e-01  2.548776e-02
8.278828e-01  2.666664e-02
8.177866e-01  2.778693e-02
8.076951e-01  2.884712e-02
7.976086e-01  2.984581e-02
7.875275e-01  3.078168e-02
7.774522e-01  3.165347e-02
7.673832e-01  3.246003e-02
7.573210e-01  3.320028e-02
7.472661e-01  3.387323e-02
7.372189e-01  3.447798e-02
7.271800e-01  3.501370e-02
7.171500e-01  3.547969e-02
7.071294e-01  3.587529e-02
6.971188e-01  3.619997e-02
6.871187e-01  3.645327e-02
6.771298e-01  3.663483e-02
6.671526e-01  3.674438e-02
6.571878e-01  3.678176e-02
6.472357e-01  3.674687e-02
6.372972e-01  3.663975e-02
6.273725e-01  3.646050e-02
6.174625e-01  3.620934e-02
6.075674e-01  3.588656e-02
5.976878e-01  3.549258e-02
5.878242e-01  3.502790e-02
5.779770e-01  3.449311e-02
5.681466e-01  3.388891e-02
5.583333e-01  3.321610e-02
5.485375e-01  3.247557e-02
5.387594e-01  3.166832e-02
5.289992e-01  3.079543e-02
5.192572e-01  2.985809e-02
5.095333e-01  2.885759e-02
4.998277e-01  2.779531e-02
4.901404e-01  2.667275e-02
4.804712e-01  2.549147e-02
4.708200e-01  2.425318e-02
4.611867e-01  2.295964e-02
4.515708e-01  2.161274e-02
4.419720e-01  2.021448e-02
4.323899e-01  1.876693e-02
4.228239e-01  1.727228e-02
4.132735e-01  1.573285e-02
4.037378e-01  1.415103e-02
3.942161e-01  1.252933e-02
3.847075e-01  1.087040e-02
3.752110e-01  9.176976e-03
3.657255e-01  7.451934e-03
3.562498e-01  5.698273e-03
3.467826e-01  3.919127e-03
3.373226e-01  2.117771e-03
3.278681e-01  2.976330e-04
3.184177e-01  -1.537700e-03
3.089695e-01  -3.384467e-03
2.995216e-01  -5.238717e-03
2.900722e-01  -7.096296e-03
2.806190e-01  -8.952824e-03
2.711598e-01  -1.080367e-02
2.616923e-01  -1.264394e-02
2.522137e-01  -1.446841e-02
2.427215e-01  -1.627152e-02
2.332126e-01  -1.804731e-02
2.236840e-01  -1.978937e-02
2.141323e-01  -2.149074e-02
2.045539e-01  -2.314389e-02
1.949448e-01  -2.474053e-02
1.853010e-01  -2.627153e-02
1.756177e-01  -2.772674e-02
1.658899e-01  -2.909475e-02
1.561119e-01  -3.036263e-02
1.462775e-01  -3.151553e-02
1.363795e-01  -3.253614e-02
1.264095e-01  -3.340404e-02
1.163578e-01  -3.409462e-02
1.062128e-01  -3.457763e-02
9.595991e-02  -3.481489e-02
8.558083e-02  -3.475674e-02
7.505118e-02  -3.433602e-02
6.433692e-02  -3.345732e-02
5.338720e-02  -3.197576e-02
4.211832e-02  -2.964948e-02
3.037000e-02  -2.600961e-02
1.609799e-02  -1.885035e-02
7.201381e-03  -1.169108e-02
2.224560e-03  -4.531817e-03
-2.870709e-04  2.627448e-03
-1.381406e-03  9.786712e-03
-1.077724e-03  1.694598e-02
7.648330e-04  2.410524e-02
4.287122e-03  3.126451e-02
9.630001e-03  3.842377e-02
1.788168e-02  4.666794e-02
2.661280e-02  5.353536e-02
3.566308e-02  5.949261e-02
4.494882e-02  6.477931e-02
5.441917e-02  6.953816e-02
6.404009e-02  7.386246e-02
7.378722e-02  7.781727e-02
8.364216e-02  8.145023e-02
9.359049e-02  8.479754e-02
1.036205e-01  8.788752e-02
1.137225e-01  9.074290e-02
1.238881e-01  9.338230e-02
1.341101e-01  9.582123e-02
1.443823e-01  9.807283e-02
1.546990e-01  1.001483e-01
1.650552e-01  1.020576e-01
1.754461e-01  1.038091e-01
1.858677e-01  1.054105e-01
1.963160e-01  1.068687e-01
2.067874e-01  1.081897e-01
2.172785e-01  1.093791e-01
2.277863e-01  1.104421e-01
2.383077e-01  1.113833e-01
2.488402e-01  1.122070e-01
2.593810e-01  1.129174e-01
2.699278e-01  1.135182e-01
2.804784e-01  1.140130e-01
2.910305e-01  1.144051e-01
3.015823e-01  1.146978e-01
3.121319e-01  1.148940e-01
3.226774e-01  1.149968e-01
3.332174e-01  1.150088e-01
3.437502e-01  1.149328e-01
3.542745e-01  1.147713e-01
3.647890e-01  1.145269e-01
3.752925e-01  1.142018e-01
3.857839e-01  1.137984e-01
3.962622e-01  1.133190e-01
4.067265e-01  1.127658e-01
4.171761e-01  1.121408e-01
4.276101e-01  1.114462e-01
4.380280e-01  1.106838e-01
4.484292e-01  1.098558e-01
4.588133e-01  1.089639e-01
4.691800e-01  1.080101e-01
4.795288e-01  1.069960e-01
4.898596e-01  1.059235e-01
5.001723e-01  1.047942e-01
5.104667e-01  1.036098e-01
5.207428e-01  1.023719e-01
5.310008e-01  1.010820e-01
5.412406e-01  9.974161e-02
5.514625e-01  9.835221e-02
5.616667e-01  9.691518e-02
5.718534e-01  9.543189e-02
5.820230e-01  9.390366e-02
5.921758e-01  9.233173e-02
6.023122e-01  9.071733e-02
6.124326e-01  8.906162e-02
6.225375e-01  8.736573e-02
6.326275e-01  8.563073e-02
6.427028e-01  8.385766e-02
6.527643e-01  8.204749e-02
6.628122e-01  8.020117e-02
6.728474e-01  7.831958e-02
6.828702e-01  7.640357e-02
6.928813e-01  7.445395e-02
7.028812e-01  7.247148e-02
7.128706e-01  7.045687e-02
7.228500e-01  6.841081e-02
7.328200e-01  6.633393e-02
7.427811e-01  6.422682e-02
7.527339e-01  6.209004e-02
7.626790e-01  5.992411e-02
7.726168e-01  5.772952e-02
7.825478e-01  5.550670e-02
7.924725e-01  5.325607e-02
8.023914e-01  5.097800e-02
8.123049e-01  4.867284e-02
8.222134e-01  4.634090e-02
8.321172e-01  4.398245e-02
8.420168e-01  4.159776e-02
8.519123e-01  3.918703e-02
8.618041e-01  3.675047e-02
8.716924e-01  3.428823e-02
8.815774e-01  3.180046e-02
8.914593e-01  2.928727e-02
9.013382e-01  2.674876e-02
9.112143e-01  2.418498e-02
9.210875e-01  2.159597e-02
9.309579e-01  1.898177e-02
9.408255e-01  1.634236e-02
9.506903e-01  1.367771e-02
9.605521e-01  1.098778e-02
9.704109e-01  8.272505e-03
9.802666e-01  5.531786e-03
9.901189e-01  2.765514e-03
9.978761e-01  5.664900e-04
