2 0.000000 100.000000 5791.461216
589 502 
1 -6.500000 0.000000 -6.524215 100.007201 -0.001578 -0.000986 -0.000144 
2 7.492546 0.000000 -6.524215 100.006060 -0.009831 0.045961 -0.000121 
3 7.492546 0.000000 6.625555 99.993800 0.009765 0.045893 0.000124 
4 -6.500000 0.000000 6.625555 99.992670 0.001590 -0.000628 0.000147 
5 0.496273 0.000000 0.050670 107.482083 -0.195819 12.586878 -0.171087 
6 -6.500000 0.000000 0.050670 99.999353 0.000022 -0.008980 0.000013 
7 0.496273 0.000000 -6.524215 100.020857 -0.006380 0.025607 -0.000417 
8 7.492546 0.000000 0.050670 99.999493 0.071619 11.134029 -0.012387 
9 0.496273 0.000000 6.625555 99.979768 0.006349 0.025631 0.000405 
10 -3.001863 0.000000 -3.236773 100.031021 -0.002946 -0.005248 -0.000621 
11 -6.500000 0.000000 -3.236773 100.006940 -0.001217 -0.005268 -0.000139 
12 -3.001863 0.000000 -6.524215 100.015327 -0.003404 0.005684 -0.000307 
13 0.496273 0.000000 -3.236773 100.082832 -0.010896 0.101333 -0.001658 
14 -3.001863 0.000000 0.050670 99.994197 0.000117 -0.044676 0.000116 
15 3.994410 0.000000 -3.236773 100.021933 -0.018001 0.172451 -0.000442 
16 3.994410 0.000000 -6.524215 100.013256 -0.009241 0.042866 -0.000265 
17 7.492546 0.000000 -3.236773 100.005294 -0.023686 0.185220 -0.000109 
18 3.994410 0.000000 0.050670 99.996457 0.082709 7.233220 -0.005162 
19 -3.001863 0.000000 3.338112 99.968077 0.003005 -0.002291 0.000638 
20 -6.500000 0.000000 3.338112 99.992392 0.001248 -0.004710 0.000152 
21 0.496273 0.000000 3.338112 99.921971 0.010726 0.100303 0.001559 
22 -3.001863 0.000000 6.625555 99.984860 0.003410 0.006294 0.000303 
23 -1.252795 0.000000 -1.593051 100.142072 -0.006218 -0.018980 -0.002843 
24 -3.001863 0.000000 -1.593051 100.030373 -0.002063 -0.027202 -0.000608 
25 -1.252795 0.000000 -3.236773 100.065510 -0.005839 0.021842 -0.001311 
26 0.496273 0.000000 -1.593051 100.337892 -0.002629 0.442273 -0.006789 
27 -1.252795 0.000000 0.050670 99.938822 -0.003168 -0.210251 0.001219 
28 3.994410 0.000000 3.338112 99.976962 0.017616 0.171079 0.000458 
29 7.492546 0.000000 3.338112 99.994129 0.023452 0.186794 0.000114 
30 3.994410 0.000000 6.625555 99.986829 0.009176 0.042498 0.000263 
31 2.245341 0.000000 -1.593051 100.070583 -0.036454 0.635512 -0.001453 
32 2.245341 0.000000 -3.236773 100.049082 -0.015564 0.160361 -0.000984 
33 3.994410 0.000000 -1.593051 100.017663 -0.039443 0.621827 -0.000392 
34 2.245341 0.000000 0.050670 99.976981 0.082507 7.298983 -0.004868 
35 -1.252795 0.000000 1.694391 99.853360 0.006546 0.006823 0.002931 
36 -3.001863 0.000000 1.694391 99.964065 0.002217 -0.022187 0.000719 
37 0.496273 0.000000 1.694391 99.726740 0.018582 0.421865 0.005440 
38 -1.252795 0.000000 3.338112 99.936515 0.005860 0.026329 0.001269 
39 -0.378261 0.000000 -0.771191 100.897625 0.013930 -0.180968 -0.018036 
40 -1.252795 0.000000 -0.771191 100.153529 0.000278 -0.153124 -0.003075 
41 -0.378261 0.000000 -1.593051 100.324553 -0.003377 0.104920 -0.006503 
42 0.496273 0.000000 -0.771191 101.068364 -0.086877 1.708154 -0.021774 
43 -0.378261 0.000000 0.050670 99.196223 0.039081 -1.338143 0.015832 
44 2.245341 0.000000 1.694391 99.920885 0.035117 0.630169 0.001542 
45 3.994410 0.000000 1.694391 99.978174 0.038180 0.628944 0.000397 
46 2.245341 0.000000 3.338112 99.951309 0.015214 0.156729 0.000971 
47 1.370807 0.000000 -0.771191 100.213417 -0.063083 1.966961 -0.004660 
48 1.370807 0.000000 -1.593051 100.161635 -0.032019 0.610977 -0.003273 
49 2.245341 0.000000 -0.771191 100.047052 -0.077972 1.844581 -0.001282 
50 1.370807 0.000000 0.050670 99.833911 0.082305 7.361269 -0.002100 
51 -0.378261 0.000000 0.872530 99.282700 -0.012996 0.176968 0.014291 
52 -1.252795 0.000000 0.872530 99.789239 -0.003052 -0.108242 0.004210 
53 0.496273 0.000000 0.872530 99.146624 -0.006584 1.595301 0.016740 
54 -0.378261 0.000000 1.694391 99.742463 0.013999 0.150516 0.005142 
55 0.059006 0.000000 -0.360261 103.310245 0.155890 0.891928 -0.067383 
56 -0.378261 0.000000 -0.360261 100.891259 0.018139 -0.855763 -0.017978 
57 0.059006 0.000000 -0.771191 101.270043 0.003200 0.721320 -0.025614 
58 0.496273 0.000000 -0.360261 101.539107 -0.143318 4.180712 -0.032769 
59 0.059006 0.000000 0.050670 94.781899 1.516658 5.491150 0.098394 
60 -4.750932 0.000000 -1.593051 100.009664 -0.000964 -0.014976 -0.000193 
61 -6.500000 0.000000 -1.593051 100.004082 -0.000672 -0.007938 -0.000082 
62 -4.750932 0.000000 -3.236773 100.013939 -0.001978 -0.006268 -0.000279 
63 -4.750932 0.000000 0.050670 99.998418 0.000046 -0.018485 0.000032 
64 -2.127329 0.000000 -0.771191 100.041819 -0.001956 -0.069863 -0.000837 
65 -3.001863 0.000000 -0.771191 100.016798 -0.001104 -0.040243 -0.000336 
66 -2.127329 0.000000 -1.593051 100.062900 -0.003392 -0.033969 -0.001259 
67 -2.127329 0.000000 0.050670 99.985076 0.000242 -0.085284 0.000298 
68 -0.815528 0.000000 -0.360261 100.218272 -0.000034 -0.460817 -0.004391 
69 -1.252795 0.000000 -0.360261 100.073242 -0.000133 -0.227972 -0.001471 
70 -0.815528 0.000000 -0.771191 100.350775 0.000635 -0.215295 -0.007032 
71 -0.815528 0.000000 0.050670 99.828664 -0.006745 -0.612785 0.003386 
72 1.370807 0.000000 0.872530 99.724756 0.061421 1.995886 0.005099 
73 2.245341 0.000000 0.872530 99.924955 0.074157 1.940228 0.001123 
74 1.370807 0.000000 1.694391 99.838013 0.030771 0.589553 0.003202 
75 0.059006 0.000000 0.461600 97.536044 -0.073610 1.582272 0.048421 
76 -0.378261 0.000000 0.461600 98.853039 0.003180 -0.107559 0.022807 
77 0.496273 0.000000 0.461600 98.369721 0.084590 4.162101 0.030607 
78 0.059006 0.000000 0.872530 98.935157 -0.023431 0.819298 0.021116 
79 -0.159628 0.000000 -0.154795 101.373090 0.114543 -2.882150 -0.028482 
80 -0.378261 0.000000 -0.154795 100.266614 0.026128 -1.406867 -0.005537 
81 -0.159628 0.000000 -0.360261 101.930158 -0.017794 -0.707969 -0.039026 
82 0.059006 0.000000 -0.154795 128.324651 1.539993 -6.574719 -0.651281 
83 -0.159628 0.000000 0.050670 97.014188 0.071922 -2.843605 0.058016 
84 0.933540 0.000000 -0.360261 100.211927 -0.215451 3.937948 -0.005798 
85 0.933540 0.000000 -0.771191 100.404280 -0.030430 1.924099 -0.008472 
86 1.370807 0.000000 -0.360261 100.096610 -0.143055 3.775415 -0.003361 
87 0.933540 0.000000 0.050670 112.745549 0.309820 26.019842 -0.338869 
88 0.277640 0.000000 -0.154795 104.551980 -0.332815 6.427559 -0.097254 
89 0.277640 0.000000 -0.360261 102.913599 0.080713 3.299961 -0.060211 
90 0.496273 0.000000 -0.154795 101.672068 -0.248409 6.430281 -0.037862 
91 0.277640 0.000000 0.050670 100.590242 0.486086 15.790320 -0.036797 
92 -4.750932 0.000000 1.694391 99.988038 0.001041 -0.013759 0.000239 
93 -6.500000 0.000000 1.694391 99.994832 0.000712 -0.007525 0.000103 
94 -4.750932 0.000000 3.338112 99.985052 0.002022 -0.004981 0.000299 
95 -2.127329 0.000000 0.872530 99.937548 0.002352 -0.057801 0.001248 
96 -3.001863 0.000000 0.872530 99.973664 0.001314 -0.036380 0.000527 
97 -2.127329 0.000000 1.694391 99.929235 0.003628 -0.022371 0.001415 
98 -0.815528 0.000000 0.461600 99.573011 -0.007010 -0.302182 0.008512 
99 -1.252795 0.000000 0.461600 99.830223 -0.003777 -0.181849 0.003389 
100 -0.815528 0.000000 0.872530 99.591618 -0.004615 -0.090242 0.008150 
101 -0.159628 0.000000 0.256135 97.295261 -0.039803 -0.112177 0.053362 
102 -0.378261 0.000000 0.256135 98.743601 0.034106 -0.587398 0.024935 
103 0.059006 0.000000 0.256135 95.574837 -0.149429 1.749695 0.086237 
104 -0.159628 0.000000 0.461600 98.136550 0.045021 0.438984 0.036902 
105 -0.050311 0.000000 -0.052063 83.648284 1.870358 0.853728 0.299874 
106 -0.159628 0.000000 -0.052063 99.308118 0.067927 -4.094358 0.012113 
107 -0.050311 0.000000 -0.154795 104.373726 -0.167469 -4.176780 -0.091135 
108 0.059006 0.000000 -0.052063 94.292116 1.651692 4.669624 0.108446 
109 -0.050311 0.000000 0.050670 84.263483 1.824346 1.662332 0.289357 
110 0.933540 0.000000 0.461600 99.442453 0.093019 4.277188 0.009290 
111 1.370807 0.000000 0.461600 99.702580 0.130011 4.465892 0.003943 
112 0.933540 0.000000 0.872530 99.635686 0.040881 1.806102 0.006947 
113 0.277640 0.000000 0.256135 95.501756 -0.172695 5.530137 0.084880 
114 0.496273 0.000000 0.256135 98.380820 0.169956 7.630949 0.026295 
115 0.277640 0.000000 0.461600 97.439546 -0.004952 3.125979 0.049576 
116 0.168323 0.000000 -0.052063 116.023224 2.528021 9.325522 -0.355474 
117 0.168323 0.000000 -0.154795 107.581403 -0.413323 4.169934 -0.159132 
118 0.277640 0.000000 -0.052063 114.907848 3.745486 7.823300 -0.327905 
119 0.168323 0.000000 0.050670 102.280904 1.228959 -1.600586 -0.046546 
120 -0.050311 0.000000 0.153402 94.811981 0.257438 0.033693 0.101062 
121 -0.159628 0.000000 0.153402 96.777723 -0.009118 -1.164294 0.063272 
122 0.059006 0.000000 0.153402 94.169643 -0.190446 2.585680 0.112536 
123 -0.050311 0.000000 0.256135 96.219074 -0.080510 0.444684 0.074169 
124 0.004348 0.000000 -0.000697 83.408055 1.259095 6.743655 0.299603 
125 -0.050311 0.000000 -0.000697 84.931376 1.778561 2.332204 0.277806 
126 0.004348 0.000000 -0.052063 91.243851 1.609549 3.823677 0.165735 
127 0.059006 0.000000 -0.000697 96.105306 1.576315 4.501735 0.074102 
128 0.004348 0.000000 0.050670 88.636487 1.599423 3.427167 0.212927 
129 -1.252795 0.000000 -4.880494 100.033412 -0.004770 0.017617 -0.000668 
130 -3.001863 0.000000 -4.880494 100.022150 -0.003645 0.004398 -0.000443 
131 -1.252795 0.000000 -6.524215 100.019623 -0.004764 0.014128 -0.000393 
132 0.496273 0.000000 -4.880494 100.037232 -0.007116 0.043009 -0.000745 
133 -0.378261 0.000000 -2.414912 100.140002 -0.010003 0.084005 -0.002803 
134 -1.252795 0.000000 -2.414912 100.097343 -0.006302 0.015876 -0.001948 
135 -0.378261 0.000000 -3.236773 100.081447 -0.008171 0.056910 -0.001630 
136 0.496273 0.000000 -2.414912 100.144392 -0.014817 0.186577 -0.002893 
137 0.059006 0.000000 -1.182121 100.635231 -0.003442 0.412452 -0.012762 
138 -0.378261 0.000000 -1.182121 100.497510 -0.000749 0.081805 -0.009976 
139 0.059006 0.000000 -1.593051 100.343361 -0.004231 0.265975 -0.006886 
140 0.496273 0.000000 -1.182121 100.565792 -0.013872 0.791765 -0.011411 
141 -0.159628 0.000000 -0.565726 101.504217 0.009526 -0.010867 -0.030311 
142 -0.378261 0.000000 -0.565726 100.941778 0.005509 -0.389397 -0.018939 
143 -0.159628 0.000000 -0.771191 101.013414 0.018879 0.254695 -0.020378 
144 0.059006 0.000000 -0.565726 101.887250 -0.039657 0.888079 -0.038180 
145 -0.050311 0.000000 -0.257528 103.360946 0.205178 -1.076045 -0.068469 
146 -0.159628 0.000000 -0.257528 101.823697 0.061943 -1.395642 -0.037002 
147 -0.050311 0.000000 -0.360261 102.651401 0.045769 -0.138695 -0.053733 
148 0.059006 0.000000 -0.257528 105.119869 -0.088273 0.303289 -0.105029 
149 0.004348 0.000000 -0.103429 85.377920 1.884472 -1.316509 0.270533 
150 -0.050311 0.000000 -0.103429 81.094467 1.945007 -9.661133 0.332657 
151 0.004348 0.000000 -0.154795 131.893972 1.764321 -24.407697 -0.799487 
152 0.059006 0.000000 -0.103429 91.024440 1.792423 1.567683 0.170888 
153 0.168323 0.000000 0.153402 93.262396 -1.078040 4.389378 0.128170 
154 0.277640 0.000000 0.153402 91.554501 -1.039294 13.090896 0.144532 
155 0.168323 0.000000 0.256135 95.270659 -0.317290 3.427715 0.091165 
156 0.113664 0.000000 -0.000697 100.550521 1.801243 4.838784 -0.013707 
157 0.113664 0.000000 -0.052063 97.922987 1.873196 5.750427 0.037451 
158 0.168323 0.000000 -0.000697 114.085250 2.934595 5.705837 -0.305661 
159 0.113664 0.000000 0.050670 99.219789 1.374879 5.943354 0.011822 
160 0.031677 0.000000 -0.026380 94.814011 1.615078 3.808018 0.099319 
161 0.004348 0.000000 -0.026380 91.243851 1.609549 3.823677 0.165735 
162 0.031677 0.000000 -0.052063 92.280699 1.582915 4.133389 0.146468 
163 0.059006 0.000000 -0.026380 96.686042 1.631538 3.931290 0.063369 
164 0.031677 0.000000 -0.000697 90.918941 1.538149 7.575508 0.167399 
165 0.277640 0.000000 -0.565726 101.675688 -0.084381 1.951988 -0.034176 
166 0.277640 0.000000 -0.771191 101.224159 -0.064453 1.282551 -0.024798 
167 0.496273 0.000000 -0.565726 101.110055 -0.086595 2.571777 -0.022986 
168 0.168323 0.000000 -0.257528 105.067018 0.028718 2.678985 -0.104626 
169 0.168323 0.000000 -0.360261 103.264316 0.163019 2.250162 -0.066861 
170 0.277640 0.000000 -0.257528 103.899158 0.058754 4.362522 -0.081407 
171 0.113664 0.000000 -0.103429 122.300874 1.807657 -2.921208 -0.496930 
172 0.113664 0.000000 -0.154795 108.540467 -0.349079 1.819352 -0.178446 
173 0.168323 0.000000 -0.103429 118.710209 2.518444 9.818777 -0.419486 
174 0.086335 0.000000 -0.026380 99.899897 1.848495 4.588035 -0.000446 
175 0.086335 0.000000 -0.052063 95.765741 1.708334 4.884651 0.080214 
176 0.113664 0.000000 -0.026380 100.655628 1.821643 4.894280 -0.015883 
177 0.086335 0.000000 -0.000697 99.083740 1.741010 4.746687 0.015685 
178 0.004348 0.000000 0.102036 84.931376 1.778561 2.332204 0.277806 
179 -0.050311 0.000000 0.102036 72.599181 2.019287 -3.044783 0.471601 
180 0.059006 0.000000 0.102036 88.636487 1.599423 3.427167 0.212927 
181 0.004348 0.000000 0.153402 94.198721 0.141025 1.396069 0.112463 
182 0.031677 0.000000 0.024987 91.601872 1.511146 7.260753 0.155409 
183 0.004348 0.000000 0.024987 89.344364 1.515224 6.249184 0.197624 
184 0.059006 0.000000 0.024987 94.233028 1.456506 6.570323 0.107485 
185 0.031677 0.000000 0.050670 92.268814 1.540132 5.212013 0.145693 
186 0.045341 0.000000 -0.013538 95.123048 1.643956 4.404902 0.092950 
187 0.031677 0.000000 -0.013538 94.814011 1.615078 3.808018 0.099319 
188 0.045341 0.000000 -0.026380 94.914253 1.648538 4.477510 0.096852 
189 0.059006 0.000000 -0.013538 96.686042 1.631538 3.931290 0.063369 
190 0.045341 0.000000 -0.000697 94.466206 1.624493 5.671051 0.104134 
191 -0.596895 0.000000 -0.154795 100.097042 0.001971 -0.872761 -0.002018 
192 -0.815528 0.000000 -0.154795 100.051764 0.005019 -0.603249 -0.001072 
193 -0.596895 0.000000 -0.360261 100.405739 0.001980 -0.614801 -0.008169 
194 -0.596895 0.000000 0.050670 99.660516 0.002773 -0.857278 0.006705 
195 -0.268944 0.000000 -0.052063 99.538296 0.047230 -2.169410 0.008742 
196 -0.378261 0.000000 -0.052063 99.724492 0.033226 -1.503603 0.005276 
197 -0.268944 0.000000 -0.154795 100.572377 0.031154 -2.022554 -0.011889 
198 -0.268944 0.000000 0.050670 98.576317 0.038596 -1.543955 0.028032 
199 -0.104969 0.000000 -0.000697 69.286921 2.046261 -10.432737 0.508629 
200 -0.159628 0.000000 -0.000697 97.918914 0.097442 -3.825924 0.039724 
201 -0.104969 0.000000 -0.052063 69.286921 2.046261 -10.432737 0.508629 
202 -0.104969 0.000000 0.050670 60.343056 2.086538 -8.436314 0.628319 
203 -0.022982 0.000000 -0.026380 88.144323 1.669679 3.214415 0.221746 
204 -0.050311 0.000000 -0.026380 84.263483 1.824346 1.662332 0.289357 
205 -0.022982 0.000000 -0.052063 87.026225 1.759997 2.469027 0.241724 
206 -0.022982 0.000000 -0.000697 88.636487 1.599423 3.427167 0.212927 
207 0.018012 0.000000 -0.013538 92.062265 1.511723 4.780860 0.149940 
208 0.004348 0.000000 -0.013538 89.792595 1.547181 4.409810 0.191545 
209 0.018012 0.000000 -0.026380 94.084879 1.574584 3.066391 0.113615 
210 0.018012 0.000000 -0.000697 90.099915 1.488932 7.159756 0.182853 
211 0.714907 0.000000 0.256135 99.239529 0.253233 6.642428 0.010733 
212 0.714907 0.000000 0.050670 108.672158 0.249080 18.519448 -0.215267 
213 0.933540 0.000000 0.256135 99.247813 0.227477 6.596509 0.010631 
214 0.714907 0.000000 0.461600 99.144840 0.179983 4.264513 0.015208 
215 0.386956 0.000000 0.153402 109.130746 -1.602322 13.463463 -0.209335 
216 0.386956 0.000000 0.050670 102.274613 -1.276753 14.681669 -0.067728 
217 0.496273 0.000000 0.153402 110.362567 -0.556813 13.399841 -0.235976 
218 0.386956 0.000000 0.256135 96.697774 0.071637 7.261939 0.059680 
219 0.222981 0.000000 0.102036 84.004628 -0.487184 -2.312818 0.293764 
220 0.168323 0.000000 0.102036 77.366868 -0.232501 -8.312529 0.394522 
221 0.222981 0.000000 0.050670 109.464578 2.120827 0.483584 -0.198723 
222 0.277640 0.000000 0.102036 92.956597 -1.322053 20.158968 0.095094 
223 0.222981 0.000000 0.153402 92.987443 -1.109747 6.584108 0.130875 
224 0.714907 0.000000 -0.154795 100.449649 -0.299024 6.258123 -0.012939 
225 0.714907 0.000000 -0.360261 100.715184 -0.085901 4.240149 -0.016153 
226 0.933540 0.000000 -0.154795 99.898603 -0.303961 5.388567 -0.000886 
227 0.386956 0.000000 -0.052063 107.420659 0.037431 12.075880 -0.168503 
228 0.386956 0.000000 -0.154795 102.558577 -0.308143 6.587287 -0.056175 
229 0.496273 0.000000 -0.052063 108.058077 -0.008181 12.009458 -0.182078 
230 0.222981 0.000000 -0.000697 107.692261 2.866228 7.196460 -0.165763 
231 0.222981 0.000000 -0.052063 114.501591 3.902821 10.747852 -0.324136 
232 0.277640 0.000000 -0.000697 108.890752 2.936977 9.110356 -0.194882 
233 0.605590 0.000000 0.153402 106.415916 0.252549 7.630545 -0.138264 
234 0.605590 0.000000 0.050670 103.273163 0.083240 15.936042 -0.091931 
235 0.714907 0.000000 0.153402 110.611406 0.244740 6.170412 -0.227302 
236 0.605590 0.000000 0.256135 99.137625 0.191611 7.064750 0.012178 
237 0.441615 0.000000 0.102036 109.420237 -0.610640 12.294398 -0.212431 
238 0.386956 0.000000 0.102036 101.165195 -1.696052 15.803276 -0.048702 
239 0.441615 0.000000 0.050670 109.205567 -0.208760 12.488966 -0.208187 
240 0.496273 0.000000 0.102036 104.296951 -0.219084 11.643068 -0.101346 
241 0.441615 0.000000 0.153402 110.362567 -0.556813 13.399841 -0.235976 
242 0.605590 0.000000 -0.052063 100.963829 -0.350295 8.537886 -0.026671 
243 0.605590 0.000000 -0.154795 101.018836 -0.231025 6.446615 -0.024642 
244 0.714907 0.000000 -0.052063 99.921870 -0.307549 7.847962 -0.004607 
245 0.550931 0.000000 -0.000697 98.239987 0.011359 14.906438 0.012670 
246 0.496273 0.000000 -0.000697 104.650269 -0.051045 12.367028 -0.110462 
247 0.550931 0.000000 -0.052063 102.036482 -0.332752 8.039110 -0.047618 
248 0.605590 0.000000 -0.000697 103.703430 0.102160 17.349825 -0.105543 
249 0.550931 0.000000 0.050670 99.862717 0.035094 14.143225 -0.017259 
250 0.441615 0.000000 -0.000697 108.278574 -0.004695 12.054870 -0.186957 
251 0.386956 0.000000 -0.000697 107.606196 -0.035576 12.311108 -0.173066 
252 0.441615 0.000000 -0.052063 108.058077 -0.008181 12.009458 -0.182078 
253 0.550931 0.000000 0.102036 99.938230 0.179397 8.648937 -0.006249 
254 0.605590 0.000000 0.102036 104.491175 0.211873 8.675029 -0.099371 
255 0.550931 0.000000 0.153402 101.837813 0.299317 7.404900 -0.042586 
256 0.523602 0.000000 0.024987 101.509879 -0.035046 13.001149 -0.047329 
257 0.496273 0.000000 0.024987 105.755746 -0.138636 12.555380 -0.134193 
258 0.523602 0.000000 -0.000697 101.464723 -0.041313 13.605684 -0.048021 
259 0.550931 0.000000 0.024987 98.239987 0.011359 14.906438 0.012670 
260 0.523602 0.000000 0.050670 101.677467 -0.015226 13.005261 -0.050744 
261 5.743478 0.000000 1.694391 99.991772 0.039088 0.621882 0.000126 
262 5.743478 0.000000 0.050670 99.998866 0.082746 7.217986 -0.005188 
263 7.492546 0.000000 1.694391 99.996159 0.048090 0.685495 0.000030 
264 5.743478 0.000000 3.338112 99.988942 0.022784 0.187482 0.000218 
265 3.119875 0.000000 0.872530 99.969556 0.075792 1.919556 0.000240 
266 3.119875 0.000000 0.050670 99.992204 0.082655 7.252388 -0.005104 
267 3.994410 0.000000 0.872530 99.985081 0.076482 1.906747 -0.000066 
268 3.119875 0.000000 1.694391 99.960140 0.037154 0.632858 0.000757 
269 1.808074 0.000000 0.461600 99.894416 0.134362 4.287722 0.000270 
270 1.808074 0.000000 0.050670 99.951201 0.083628 7.379362 -0.004470 
271 2.245341 0.000000 0.461600 99.944279 0.136450 4.259624 -0.000702 
272 1.808074 0.000000 0.872530 99.871429 0.071005 1.948180 0.002190 
273 1.152174 0.000000 0.256135 99.533661 0.162719 7.170178 0.004161 
274 1.152174 0.000000 0.050670 99.580788 0.029204 7.710977 0.002421 
275 1.370807 0.000000 0.256135 99.788777 0.201307 6.993075 -0.000674 
276 1.152174 0.000000 0.461600 99.620146 0.084398 4.292279 0.005740 
277 0.824223 0.000000 0.153402 113.288510 0.203383 8.041735 -0.289900 
278 0.824223 0.000000 0.050670 111.103278 0.208771 18.851217 -0.269935 
279 0.933540 0.000000 0.153402 117.094666 0.159101 5.722356 -0.374393 
280 0.824223 0.000000 0.256135 99.247413 0.213682 6.551868 0.010698 
281 5.743478 0.000000 -1.593051 100.006471 -0.040310 0.612589 -0.000167 
282 5.743478 0.000000 -3.236773 100.010152 -0.023031 0.186444 -0.000207 
283 7.492546 0.000000 -1.593051 100.002968 -0.048772 0.666870 -0.000104 
284 3.119875 0.000000 -0.771191 100.018157 -0.079430 1.810199 -0.000691 
285 3.119875 0.000000 -1.593051 100.033355 -0.038456 0.629321 -0.000707 
286 3.994410 0.000000 -0.771191 100.008759 -0.080037 1.793961 -0.000498 
287 1.808074 0.000000 -0.360261 100.029464 -0.146001 3.586591 -0.001878 
288 1.808074 0.000000 -0.771191 100.085782 -0.074477 1.874360 -0.002068 
289 2.245341 0.000000 -0.360261 100.015391 -0.148028 3.537542 -0.001561 
290 1.152174 0.000000 -0.154795 99.910210 -0.240279 5.056579 -0.000768 
291 1.152174 0.000000 -0.360261 100.117920 -0.180978 3.857233 -0.003851 
292 1.370807 0.000000 -0.154795 99.964128 -0.215657 4.836019 -0.001626 
293 0.824223 0.000000 -0.052063 99.547531 -0.270608 6.925457 0.004225 
294 0.824223 0.000000 -0.154795 100.066733 -0.238793 5.852427 -0.004766 
295 0.933540 0.000000 -0.052063 99.504999 -0.267400 6.139178 0.006099 
296 0.769565 0.000000 0.102036 111.620948 0.176651 10.969096 -0.257959 
297 0.714907 0.000000 0.102036 109.809583 0.229978 11.814562 -0.219778 
298 0.769565 0.000000 0.050670 110.336237 0.131283 14.060876 -0.237181 
299 0.824223 0.000000 0.102036 111.626949 0.191073 12.979899 -0.262909 
300 0.769565 0.000000 0.153402 111.672992 0.160271 7.522394 -0.252747 
301 1.042857 0.000000 0.153402 98.980012 0.240603 9.480705 0.011302 
302 1.042857 0.000000 0.050670 99.169625 0.069834 7.895950 0.010303 
303 1.152174 0.000000 0.153402 99.498035 0.178315 9.747223 0.000510 
304 1.042857 0.000000 0.256135 99.315372 0.157200 7.081248 0.008629 
305 0.878882 0.000000 0.102036 113.695828 0.191851 13.229719 -0.310180 
306 0.878882 0.000000 0.050670 112.425194 0.222944 22.431707 -0.314266 
307 0.933540 0.000000 0.102036 115.725587 0.143757 13.680712 -0.357959 
308 0.878882 0.000000 0.153402 114.565679 0.176454 9.510929 -0.321578 
309 1.042857 0.000000 -0.052063 99.583656 -0.260427 5.472166 0.005308 
310 1.042857 0.000000 -0.154795 99.879113 -0.314000 5.217716 -0.000316 
311 1.152174 0.000000 -0.052063 99.756392 -0.264997 5.451643 0.001887 
312 0.988199 0.000000 0.102036 110.925730 0.135121 16.313604 -0.257067 
313 0.988199 0.000000 0.050670 98.753082 0.073185 8.450049 0.017642 
314 1.042857 0.000000 0.102036 98.899681 0.211492 9.815271 0.012247 
315 0.988199 0.000000 0.153402 98.221284 0.258242 8.489442 0.028044 
316 2.245341 0.000000 4.981834 99.971759 0.009229 0.063786 0.000564 
317 0.496273 0.000000 4.981834 99.964255 0.007036 0.042828 0.000715 
318 3.994410 0.000000 4.981834 99.982106 0.013116 0.079844 0.000357 
319 2.245341 0.000000 6.625555 99.982407 0.007908 0.035830 0.000352 
320 1.370807 0.000000 2.516252 99.898991 0.018732 0.254313 0.002013 
321 0.496273 0.000000 2.516252 99.866321 0.014524 0.183380 0.002668 
322 2.245341 0.000000 2.516252 99.935786 0.021673 0.287073 0.001276 
323 1.370807 0.000000 3.338112 99.934186 0.013219 0.135200 0.001314 
324 0.933540 0.000000 1.283461 99.650922 0.026567 0.949736 0.006879 
325 0.496273 0.000000 1.283461 99.501359 0.016431 0.756843 0.009891 
326 1.370807 0.000000 1.283461 99.799058 0.040797 1.009193 0.003913 
327 0.933540 0.000000 1.694391 99.779932 0.024055 0.527383 0.004369 
328 1.152174 0.000000 0.667065 99.593431 0.087312 2.876789 0.007286 
329 0.933540 0.000000 0.667065 99.421103 -0.014106 2.860558 0.010726 
330 1.370807 0.000000 0.667065 99.725064 0.083309 2.888744 0.004656 
331 1.152174 0.000000 0.872530 99.634098 0.058686 1.960680 0.006920 
332 1.042857 0.000000 0.358868 99.483331 0.120749 5.414886 0.007373 
333 0.933540 0.000000 0.358868 99.452358 0.175746 5.198526 0.008217 
334 1.152174 0.000000 0.358868 99.572670 0.120549 5.499124 0.005503 
335 1.042857 0.000000 0.461600 99.504308 0.097104 4.357503 0.007990 
336 0.988199 0.000000 0.204769 99.044436 0.244444 7.707967 0.013073 
337 0.933540 0.000000 0.204769 99.003243 0.241740 7.432756 0.014305 
338 1.042857 0.000000 0.204769 99.183570 0.230857 8.224924 0.009492 
339 0.988199 0.000000 0.256135 99.297772 0.219474 6.727319 0.009465 
340 0.960869 0.000000 0.127719 113.008736 0.128423 13.367457 -0.294968 
341 0.933540 0.000000 0.127719 115.725587 0.143757 13.680712 -0.357959 
342 0.960869 0.000000 0.102036 113.008736 0.128423 13.367457 -0.294968 
343 0.988199 0.000000 0.127719 109.282779 0.130831 12.671828 -0.210332 
344 0.960869 0.000000 0.153402 117.591351 0.113687 6.885934 -0.387515 
345 0.988199 0.000000 -0.000697 99.267663 -0.151421 6.524235 0.010334 
346 0.933540 0.000000 -0.000697 99.161883 -0.137007 7.051065 0.011718 
347 0.988199 0.000000 -0.052063 99.535757 -0.282033 5.776000 0.005919 
348 1.042857 0.000000 -0.000697 99.431829 -0.138155 6.209019 0.007474 
349 0.960869 0.000000 0.076353 115.920747 0.057467 21.163626 -0.388552 
350 0.933540 0.000000 0.076353 114.853501 0.087496 20.085565 -0.359476 
351 0.960869 0.000000 0.050670 98.596914 0.091214 9.005129 0.019755 
352 0.988199 0.000000 0.076353 98.264723 0.170222 9.786424 0.024824 
353 1.589441 0.000000 0.256135 99.861162 0.196597 7.129366 -0.002312 
354 1.589441 0.000000 0.050670 99.918886 0.075945 7.462324 -0.003948 
355 1.808074 0.000000 0.256135 99.917491 0.204790 7.040870 -0.003312 
356 1.589441 0.000000 0.461600 99.827051 0.132149 4.361171 0.001552 
357 1.261490 0.000000 0.153402 99.696147 0.188264 9.654122 -0.003256 
358 1.261490 0.000000 0.050670 99.748036 0.047977 7.525813 -0.000631 
359 1.370807 0.000000 0.153402 99.803737 0.217529 9.505395 -0.005119 
360 1.261490 0.000000 0.256135 99.707320 0.183788 6.955096 0.001004 
361 1.097515 0.000000 0.102036 99.319327 0.150223 9.821202 0.003919 
362 1.097515 0.000000 0.050670 99.420005 0.016644 7.792608 0.005494 
363 1.152174 0.000000 0.102036 99.518202 0.152197 9.793562 0.000019 
364 1.097515 0.000000 0.153402 99.315959 0.180844 9.703289 0.004215 
365 1.015528 0.000000 0.127719 98.255831 0.243900 9.792203 0.024984 
366 1.015528 0.000000 0.102036 98.328559 0.220533 9.964040 0.023216 
367 1.042857 0.000000 0.127719 98.882135 0.234141 9.945945 0.012335 
368 1.015528 0.000000 0.153402 98.628672 0.249117 9.209044 0.018752 
369 0.974534 0.000000 0.114878 113.008736 0.128423 13.367457 -0.294968 
370 0.960869 0.000000 0.114878 113.008736 0.128423 13.367457 -0.294968 
371 0.974534 0.000000 0.102036 113.008736 0.128423 13.367457 -0.294968 
372 0.988199 0.000000 0.114878 110.925730 0.135121 16.313604 -0.257067 
373 0.974534 0.000000 0.127719 113.008736 0.128423 13.367457 -0.294968 
374 -4.750932 0.000000 -4.880494 100.013074 -0.002332 -0.001274 -0.000261 
375 -6.500000 0.000000 -4.880494 100.007701 -0.001421 -0.002923 -0.000154 
376 -4.750932 0.000000 -6.524215 100.010744 -0.002196 0.000825 -0.000215 
377 2.245341 0.000000 -4.880494 100.028890 -0.009371 0.064926 -0.000578 
378 2.245341 0.000000 -6.524215 100.017988 -0.007960 0.036162 -0.000360 
379 3.994410 0.000000 -4.880494 100.017760 -0.013237 0.080479 -0.000356 
380 5.743478 0.000000 -4.880494 100.010354 -0.014403 0.083779 -0.000208 
381 5.743478 0.000000 -6.524215 100.009030 -0.010157 0.046087 -0.000181 
382 7.492546 0.000000 -4.880494 100.006161 -0.015091 0.084353 -0.000124 
383 -1.252795 0.000000 4.981834 99.967613 0.004756 0.018778 0.000648 
384 -3.001863 0.000000 4.981834 99.977922 0.003665 0.005733 0.000442 
385 -1.252795 0.000000 6.625555 99.980882 0.004756 0.014588 0.000382 
386 -4.750932 0.000000 4.981834 99.986625 0.002356 -0.000411 0.000267 
387 -6.500000 0.000000 4.981834 99.991976 0.001440 -0.002435 0.000160 
388 -4.750932 0.000000 6.625555 99.989217 0.002207 0.001339 0.000216 
389 -2.127329 0.000000 -2.414912 100.057772 -0.004005 -0.009115 -0.001156 
390 -3.001863 0.000000 -2.414912 100.033564 -0.002656 -0.014238 -0.000671 
391 -2.127329 0.000000 -3.236773 100.046310 -0.004119 0.002660 -0.000926 
392 5.743478 0.000000 4.981834 99.989307 0.014283 0.083625 0.000213 
393 7.492546 0.000000 4.981834 99.993528 0.014975 0.084519 0.000129 
394 5.743478 0.000000 6.625555 99.990880 0.010088 0.045859 0.000182 
395 1.370807 0.000000 -2.414912 100.104713 -0.019263 0.262859 -0.002102 
396 1.370807 0.000000 -3.236773 100.068530 -0.013498 0.138727 -0.001373 
397 2.245341 0.000000 -2.414912 100.062825 -0.022306 0.293238 -0.001266 
398 3.119875 0.000000 -2.414912 100.036319 -0.024120 0.300152 -0.000736 
399 3.119875 0.000000 -3.236773 100.033002 -0.017023 0.169541 -0.000663 
400 3.994410 0.000000 -2.414912 100.021661 -0.025190 0.299708 -0.000442 
401 -0.378261 0.000000 2.516252 99.869275 0.009977 0.091505 0.002612 
402 -1.252795 0.000000 2.516252 99.904577 0.006406 0.026204 0.001907 
403 -0.378261 0.000000 3.338112 99.923001 0.008117 0.059504 0.001539 
404 -2.127329 0.000000 2.516252 99.940305 0.004121 -0.001864 0.001194 
405 -3.001863 0.000000 2.516252 99.963917 0.002756 -0.010044 0.000722 
406 -2.127329 0.000000 3.338112 99.953689 0.004173 0.006755 0.000926 
407 -0.815528 0.000000 -1.182121 100.290764 0.001894 -0.043379 -0.005824 
408 -1.252795 0.000000 -1.182121 100.157984 -0.005725 -0.063263 -0.003163 
409 -0.815528 0.000000 -1.593051 100.210056 -0.008760 0.023659 -0.004206 
410 3.119875 0.000000 2.516252 99.961070 0.023468 0.297438 0.000770 
411 3.994410 0.000000 2.516252 99.976027 0.024539 0.299230 0.000470 
412 3.119875 0.000000 3.338112 99.966227 0.016642 0.167063 0.000673 
413 0.933540 0.000000 -1.182121 100.373782 -0.027080 1.004077 -0.007591 
414 0.933540 0.000000 -1.593051 100.235006 -0.028137 0.553229 -0.004736 
415 1.370807 0.000000 -1.182121 100.186101 -0.042700 1.034737 -0.003833 
416 1.808074 0.000000 -1.182121 100.108025 -0.048807 1.041869 -0.002270 
417 1.808074 0.000000 -1.593051 100.106668 -0.034678 0.631645 -0.002175 
418 2.245341 0.000000 -1.182121 100.064987 -0.050652 1.032501 -0.001407 
419 0.059006 0.000000 1.283461 99.448664 0.005142 0.446600 0.010976 
420 -0.378261 0.000000 1.283461 99.541375 0.000086 0.161979 0.009149 
421 0.059006 0.000000 1.694391 99.713997 0.014846 0.282359 0.005704 
422 -0.815528 0.000000 1.283461 99.698180 -0.003567 0.021253 0.006027 
423 -1.252795 0.000000 1.283461 99.824228 0.006157 -0.023889 0.003512 
424 -0.815528 0.000000 1.694391 99.795492 0.009082 0.056458 0.004086 
425 -0.596895 0.000000 -0.565726 100.537183 0.016674 -0.383618 -0.010787 
426 -0.815528 0.000000 -0.565726 100.321680 0.000641 -0.337124 -0.006455 
427 -0.596895 0.000000 -0.771191 100.531578 0.002819 -0.203532 -0.010664 
428 1.808074 0.000000 1.283461 99.872759 0.046654 1.037506 0.002435 
429 2.245341 0.000000 1.283461 99.918567 0.048547 1.042376 0.001519 
430 1.808074 0.000000 1.694391 99.886317 0.033355 0.618664 0.002234 
431 -0.268944 0.000000 -0.257528 101.109592 0.011060 -1.382414 -0.022506 
432 -0.378261 0.000000 -0.257528 100.696324 0.029356 -1.201162 -0.014119 
433 -0.268944 0.000000 -0.360261 101.301236 0.014312 -0.870756 -0.026270 
434 0.714907 0.000000 -0.565726 100.653940 -0.135874 2.807248 -0.013911 
435 0.714907 0.000000 -0.771191 100.738367 -0.036742 1.938131 -0.015198 
436 0.933540 0.000000 -0.565726 100.472000 -0.166979 2.905467 -0.010309 
437 1.152174 0.000000 -0.565726 100.216431 -0.067494 2.700586 -0.005063 
438 1.152174 0.000000 -0.771191 100.317497 -0.056903 1.985574 -0.006755 
439 1.370807 0.000000 -0.565726 100.171464 -0.089799 2.730025 -0.004178 
440 0.386956 0.000000 -0.257528 102.691542 -0.060423 5.093555 -0.057150 
441 0.386956 0.000000 -0.360261 102.266689 0.010416 3.910604 -0.047377 
442 0.496273 0.000000 -0.257528 101.866415 -0.010147 5.406574 -0.040600 
443 -0.596895 0.000000 0.256135 99.362355 0.000707 -0.610856 0.012675 
444 -0.815528 0.000000 0.256135 99.628779 -0.011774 -0.579299 0.007377 
445 -0.596895 0.000000 0.461600 99.371698 -0.007039 -0.115143 0.012525 
446 -0.268944 0.000000 0.153402 98.152305 0.016659 -1.051252 0.036502 
447 -0.378261 0.000000 0.153402 98.853367 0.040658 -0.995812 0.022702 
448 -0.268944 0.000000 0.256135 98.111743 0.055724 -0.554982 0.037377 
449 -0.104969 0.000000 -0.103429 101.549910 -0.099893 -5.304036 -0.034053 
450 -0.159628 0.000000 -0.103429 100.601728 0.123293 -3.738910 -0.013470 
451 -0.104969 0.000000 -0.154795 102.494576 -0.069006 -3.739793 -0.051913 
452 0.714907 0.000000 0.667065 99.261143 0.078833 2.705488 0.013990 
453 0.496273 0.000000 0.667065 98.919958 0.103944 2.505018 0.020856 
454 0.714907 0.000000 0.872530 99.325139 0.012295 1.818164 0.013121 
455 0.222981 0.000000 -0.103429 106.776499 -0.809326 7.578838 -0.145931 
456 0.222981 0.000000 -0.154795 106.063795 -0.393350 5.678919 -0.128193 
457 0.277640 0.000000 -0.103429 104.296825 -0.654484 8.066714 -0.094333 
458 -0.104969 0.000000 0.102036 95.195277 0.212289 -2.083780 0.093347 
459 -0.159628 0.000000 0.102036 96.724039 0.044692 -1.856365 0.064101 
460 -0.104969 0.000000 0.153402 95.765726 0.024886 -1.023674 0.082788 
461 -0.022982 0.000000 0.024987 88.636487 1.599423 3.427167 0.212927 
462 -0.050311 0.000000 0.024987 84.931376 1.778561 2.332204 0.277806 
463 -0.022982 0.000000 0.050670 86.328831 1.681535 3.131226 0.253470 
464 0.113664 0.000000 0.102036 118.734043 1.302970 3.794089 -0.411387 
465 0.113664 0.000000 0.153402 94.104971 -0.543100 3.349624 0.113274 
466 0.086335 0.000000 0.024987 97.055615 1.456655 6.338764 0.053791 
467 0.113664 0.000000 0.024987 100.260789 1.700241 4.950490 -0.007962 
468 0.086335 0.000000 0.050670 95.621790 1.324750 5.780114 0.082131 
469 0.824223 0.000000 0.358868 99.289315 0.129154 5.306631 0.011345 
470 0.714907 0.000000 0.358868 99.166117 0.125090 5.322049 0.013774 
471 0.824223 0.000000 0.461600 99.384586 0.150250 4.169013 0.010530 
472 0.605590 0.000000 0.358868 98.765434 0.165668 5.582163 0.021420 
473 0.496273 0.000000 0.358868 98.232687 0.096962 5.505860 0.032002 
474 0.605590 0.000000 0.461600 98.865908 0.096806 4.257540 0.020740 
475 0.332298 0.000000 0.102036 95.840965 -1.815636 19.720806 0.042230 
476 0.332298 0.000000 0.050670 101.403423 -0.524676 16.228336 -0.054629 
477 0.332298 0.000000 0.153402 96.857024 -1.830858 14.848789 0.039488 
478 0.605590 0.000000 -0.257528 101.187151 -0.201478 5.375927 -0.026778 
479 0.605590 0.000000 -0.360261 101.017659 -0.091808 4.250918 -0.022265 
480 0.714907 0.000000 -0.257528 100.557784 -0.168142 5.090687 -0.013781 
481 0.824223 0.000000 -0.257528 100.339707 -0.191194 5.020304 -0.009330 
482 0.824223 0.000000 -0.360261 100.346890 -0.207889 4.066005 -0.008607 
483 0.933540 0.000000 -0.257528 100.071991 -0.240700 4.670162 -0.003627 
484 0.332298 0.000000 -0.000697 112.995514 2.638596 8.558902 -0.284820 
485 0.332298 0.000000 -0.052063 116.736571 2.073051 10.013287 -0.373199 
486 0.660248 0.000000 0.102036 107.810517 0.246646 10.668054 -0.173698 
487 0.660248 0.000000 0.050670 106.667205 0.169280 16.586142 -0.165302 
488 0.660248 0.000000 0.153402 108.758455 0.301117 6.451988 -0.187012 
489 0.660248 0.000000 -0.000697 105.526550 0.148795 18.375734 -0.147354 
490 0.660248 0.000000 -0.052063 100.278869 -0.299223 8.212454 -0.012339 
491 0.714907 0.000000 -0.000697 107.967546 0.302824 18.987577 -0.201761 
492 1.589441 0.000000 0.667065 99.805733 0.091530 2.886074 0.003048 
493 1.808074 0.000000 0.667065 99.878646 0.094739 2.825904 0.001626 
494 1.589441 0.000000 0.872530 99.829062 0.068814 1.946655 0.003036 
495 1.261490 0.000000 0.358868 99.722707 0.155758 5.313173 0.002713 
496 1.370807 0.000000 0.358868 99.750786 0.159247 5.495315 0.001956 
497 1.261490 0.000000 0.461600 99.658192 0.129540 4.394285 0.004892 
498 0.878882 0.000000 0.204769 99.102597 0.243753 7.139602 0.012764 
499 0.824223 0.000000 0.204769 99.164215 0.265510 7.124327 0.011563 
500 0.878882 0.000000 0.256135 99.231816 0.202075 6.616232 0.010923 
501 0.769565 0.000000 0.204769 99.320722 0.275362 6.768024 0.008951 
502 0.714907 0.000000 0.204769 99.333609 0.312402 7.146472 0.008166 
503 0.769565 0.000000 0.256135 99.237418 0.215114 6.594582 0.010840 
504 1.589441 0.000000 -0.154795 99.990986 -0.225502 4.758640 -0.002089 
505 1.589441 0.000000 -0.360261 100.054398 -0.140463 3.673623 -0.002440 
506 1.808074 0.000000 -0.154795 99.993914 -0.221640 4.670709 -0.002065 
507 1.042857 0.000000 -0.257528 100.069405 -0.247794 4.647177 -0.003554 
508 1.042857 0.000000 -0.360261 100.208000 -0.151243 4.024088 -0.005786 
509 1.152174 0.000000 -0.257528 100.048646 -0.215733 4.550188 -0.003048 
510 1.261490 0.000000 -0.052063 99.804470 -0.240951 5.062178 0.001338 
511 1.261490 0.000000 -0.154795 99.889643 -0.225265 4.723657 -0.000030 
512 1.370807 0.000000 -0.052063 99.880943 -0.200202 5.055536 -0.000180 
513 0.878882 0.000000 -0.000697 99.107802 -0.119181 7.599384 0.011988 
514 0.824223 0.000000 -0.000697 99.154024 -0.120653 8.579155 0.009486 
515 0.878882 0.000000 -0.052063 99.501970 -0.255141 6.490639 0.005716 
516 0.769565 0.000000 -0.000697 108.849556 0.307544 22.353139 -0.234798 
517 0.769565 0.000000 -0.052063 99.633351 -0.303741 7.076328 0.002303 
518 1.097515 0.000000 0.204769 99.380209 0.178563 8.298570 0.005468 
519 1.152174 0.000000 0.204769 99.512711 0.174325 8.369994 0.002713 
520 1.097515 0.000000 0.256135 99.453348 0.161376 7.080004 0.005888 
521 1.097515 0.000000 -0.000697 99.552620 -0.179966 6.115374 0.005185 
522 1.097515 0.000000 -0.052063 99.682848 -0.295305 5.522645 0.003274 
523 1.152174 0.000000 -0.000697 99.666706 -0.155567 6.039085 0.003005 
524 1.015528 0.000000 0.076353 98.689293 0.164211 9.213889 0.017550 
525 1.015528 0.000000 0.050670 98.973212 0.072499 8.070147 0.013917 
526 1.042857 0.000000 0.076353 99.020504 0.157903 9.006240 0.011380 
527 0.277640 0.000000 0.667065 98.604911 -0.064571 1.906863 0.027343 
528 0.059006 0.000000 0.667065 98.483978 0.035216 1.169177 0.029954 
529 0.277640 0.000000 0.872530 98.979471 -0.016472 1.248091 0.020151 
530 -0.159628 0.000000 0.667065 98.829688 0.009434 0.554401 0.023239 
531 -0.378261 0.000000 0.667065 98.963214 -0.006966 0.002268 0.020628 
532 -0.159628 0.000000 0.872530 99.056156 -0.033421 0.435003 0.018769 
533 -0.596895 0.000000 0.667065 99.263291 -0.022744 -0.254806 0.014673 
534 -0.815528 0.000000 0.667065 99.560465 -0.006739 -0.181556 0.008768 
535 -0.596895 0.000000 0.872530 99.434213 -0.006590 -0.021349 0.011284 
536 0.386956 0.000000 0.358868 97.382441 0.009520 5.030403 0.049136 
537 0.277640 0.000000 0.358868 96.652967 -0.003004 4.060634 0.064172 
538 0.386956 0.000000 0.461600 97.958640 -0.081490 3.761566 0.038995 
539 0.168323 0.000000 0.358868 96.403224 -0.088059 2.770155 0.069874 
540 0.059006 0.000000 0.358868 96.628789 -0.048640 1.636025 0.066020 
541 0.168323 0.000000 0.461600 97.363525 -0.082638 2.340299 0.051486 
542 0.332298 0.000000 -0.103429 102.694673 -0.468445 7.657930 -0.060506 
543 0.332298 0.000000 -0.154795 103.296249 -0.257300 6.559123 -0.071320 
544 0.386956 0.000000 -0.103429 101.987464 -0.403957 7.164223 -0.045293 
545 0.441615 0.000000 -0.103429 101.678542 -0.418812 7.115073 -0.038933 
546 0.441615 0.000000 -0.154795 102.027696 -0.307238 6.515677 -0.045220 
547 0.496273 0.000000 -0.103429 101.532922 -0.331328 6.786412 -0.035510 
548 0.660248 0.000000 0.204769 99.463703 0.326439 7.167924 0.005549 
549 0.605590 0.000000 0.204769 99.576882 0.279520 7.530863 0.002765 
550 0.660248 0.000000 0.256135 99.199036 0.254561 6.823015 0.011293 
551 0.550931 0.000000 0.204769 99.624144 0.272591 8.271851 0.000653 
552 0.496273 0.000000 0.204769 98.939448 0.269880 9.412169 0.012232 
553 0.550931 0.000000 0.256135 98.915506 0.185294 7.324520 0.016204 
554 0.550931 0.000000 -0.103429 101.437501 -0.338776 7.031074 -0.033912 
555 0.550931 0.000000 -0.154795 101.421111 -0.285557 6.524873 -0.032890 
556 0.605590 0.000000 -0.103429 101.046578 -0.352260 7.345760 -0.026450 
557 0.660248 0.000000 -0.103429 100.557964 -0.306616 7.039522 -0.016155 
558 0.660248 0.000000 -0.154795 100.767879 -0.279167 6.491125 -0.019638 
559 0.714907 0.000000 -0.103429 100.271555 -0.330263 6.932981 -0.010256 
560 1.589441 0.000000 -0.565726 100.109661 -0.092676 2.669164 -0.002908 
561 1.589441 0.000000 -0.771191 100.139770 -0.066914 1.923735 -0.003168 
562 1.808074 0.000000 -0.565726 100.061833 -0.100463 2.594288 -0.001911 
563 1.261490 0.000000 -0.257528 99.964916 -0.178518 4.238554 -0.001098 
564 1.261490 0.000000 -0.360261 100.119054 -0.118036 3.840177 -0.003859 
565 1.370807 0.000000 -0.257528 100.067064 -0.172293 4.446124 -0.003321 
566 0.769565 0.000000 -0.103429 100.003527 -0.309969 6.493350 -0.004297 
567 0.769565 0.000000 -0.154795 100.283956 -0.248596 6.145919 -0.009471 
568 0.824223 0.000000 -0.103429 99.845172 -0.275646 6.266590 -0.000840 
569 0.878882 0.000000 -0.103429 99.776241 -0.300311 5.974256 0.000892 
570 0.878882 0.000000 -0.154795 99.975607 -0.267618 5.619616 -0.002677 
571 0.933540 0.000000 -0.103429 99.752399 -0.285267 5.762750 0.001617 
572 0.988199 0.000000 -0.103429 99.736409 -0.306892 5.505968 0.002224 
573 0.988199 0.000000 -0.154795 99.883910 -0.288573 5.255366 -0.000450 
574 1.042857 0.000000 -0.103429 99.727392 -0.284661 5.246820 0.002684 
575 1.097515 0.000000 -0.103429 99.796456 -0.317012 5.317195 0.001229 
576 1.097515 0.000000 -0.154795 99.894449 -0.297690 5.121677 -0.000522 
577 1.152174 0.000000 -0.103429 99.840892 -0.285138 5.255563 0.000409 
578 -0.050311 0.000000 0.358868 97.115673 -0.116945 0.809296 0.056788 
579 -0.159628 0.000000 0.358868 97.900153 0.031266 0.467754 0.041534 
580 -0.050311 0.000000 0.461600 97.980203 0.030390 1.095643 0.039868 
581 -0.268944 0.000000 0.358868 98.293236 0.044226 -0.136653 0.033842 
582 -0.378261 0.000000 0.358868 98.706120 0.034867 -0.396995 0.025694 
583 -0.268944 0.000000 0.461600 98.445535 0.025391 0.024688 0.030848 
584 0.441615 0.000000 0.204769 97.406223 0.181964 9.544612 0.042089 
585 0.386956 0.000000 0.204769 96.365409 0.061420 8.785159 0.063653 
586 0.441615 0.000000 0.256135 97.559397 0.135536 7.628227 0.042396 
587 0.332298 0.000000 0.204769 95.422737 -0.118467 7.761454 0.083425 
588 0.277640 0.000000 0.204769 94.824682 -0.346775 6.515390 0.096571 
589 0.332298 0.000000 0.256135 96.058118 -0.065130 6.455748 0.073116 
1 11 62 60 61 
2 62 10 24 60 
3 60 24 14 63 
4 61 60 63 6 
5 24 66 64 65 
6 66 23 40 64 
7 64 40 27 67 
8 65 64 67 14 
9 40 70 68 69 
10 69 68 71 27 
11 6 63 92 93 
12 63 14 36 92 
13 92 36 19 94 
14 93 92 94 20 
15 14 67 95 96 
16 67 27 52 95 
17 95 52 35 97 
18 96 95 97 36 
19 27 71 98 99 
20 99 98 100 52 
21 120 122 103 123 
22 121 120 123 101 
23 12 131 129 130 
24 131 7 132 129 
25 129 132 13 25 
26 130 129 25 10 
27 25 135 133 134 
28 135 13 136 133 
29 133 136 26 41 
30 134 133 41 23 
31 41 139 137 138 
32 139 26 140 137 
33 137 140 42 57 
34 138 137 57 39 
35 39 143 141 142 
36 143 57 144 141 
37 141 144 55 81 
38 142 141 81 56 
39 81 147 145 146 
40 147 55 148 145 
41 145 148 82 107 
42 146 145 107 79 
43 107 151 149 150 
44 151 82 152 149 
45 149 152 108 126 
46 150 149 126 105 
47 153 154 113 155 
48 122 153 155 103 
49 157 116 158 156 
50 156 158 119 159 
51 126 162 160 161 
52 162 108 163 160 
53 57 166 165 144 
54 166 42 167 165 
55 165 167 58 89 
56 144 165 89 55 
57 55 169 168 148 
58 169 89 170 168 
59 168 170 88 117 
60 148 168 117 82 
61 82 172 171 152 
62 172 117 173 171 
63 171 173 116 157 
64 152 171 157 108 
65 108 175 174 163 
66 175 157 176 174 
67 174 176 156 177 
68 163 174 177 127 
69 109 128 178 179 
70 128 59 180 178 
71 178 180 122 181 
72 179 178 181 120 
73 124 164 182 183 
74 164 127 184 182 
75 182 184 59 185 
76 183 182 185 128 
77 160 188 186 187 
78 188 163 189 186 
79 186 189 127 190 
80 187 186 190 164 
81 68 193 191 192 
82 193 56 80 191 
83 191 80 43 194 
84 192 191 194 71 
85 80 197 195 196 
86 197 79 106 195 
87 195 106 83 198 
88 196 195 198 43 
89 106 201 199 200 
90 201 105 125 199 
91 199 125 109 202 
92 200 199 202 83 
93 105 205 203 204 
94 205 126 161 203 
95 203 161 124 206 
96 204 203 206 125 
97 161 209 207 208 
98 209 160 187 207 
99 207 187 164 210 
100 208 207 210 124 
101 119 221 219 220 
102 221 91 222 219 
103 219 222 154 223 
104 220 219 223 153 
105 116 231 230 158 
106 231 118 232 230 
107 230 232 91 221 
108 158 230 221 119 
109 216 239 237 238 
110 239 5 240 237 
111 237 240 217 241 
112 238 237 241 215 
113 229 247 245 246 
114 247 242 248 245 
115 245 248 234 249 
116 227 252 250 251 
117 252 229 246 250 
118 250 246 5 239 
119 251 250 239 216 
120 5 249 253 240 
121 249 234 254 253 
122 253 254 233 255 
123 240 253 255 217 
124 246 258 256 257 
125 258 245 259 256 
126 256 259 249 260 
127 257 256 260 5 
128 18 262 261 45 
129 262 8 263 261 
130 261 263 29 264 
131 45 261 264 28 
132 34 266 265 73 
133 266 18 267 265 
134 265 267 45 268 
135 73 265 268 44 
136 270 34 271 269 
137 269 271 73 272 
138 15 282 281 33 
139 282 17 283 281 
140 281 283 8 262 
141 33 281 262 18 
142 31 285 284 49 
143 285 33 286 284 
144 284 286 18 266 
145 49 284 266 34 
146 288 49 289 287 
147 287 289 34 270 
148 212 298 296 297 
149 298 278 299 296 
150 296 299 277 300 
151 297 296 300 235 
152 278 306 305 299 
153 306 87 307 305 
154 305 307 279 308 
155 299 305 308 277 
156 21 46 316 317 
157 46 28 318 316 
158 316 318 30 319 
159 317 316 319 9 
160 37 74 320 321 
161 74 44 322 320 
162 320 322 46 323 
163 321 320 323 21 
164 53 112 324 325 
165 112 72 326 324 
166 324 326 74 327 
167 325 324 327 37 
168 110 276 328 329 
169 276 111 330 328 
170 328 330 72 331 
171 329 328 331 112 
172 213 304 332 333 
173 304 273 334 332 
174 332 334 276 335 
175 333 332 335 110 
176 279 315 336 337 
177 315 301 338 336 
178 336 338 304 339 
179 337 336 339 213 
180 307 342 340 341 
181 340 343 315 344 
182 341 340 344 279 
183 295 347 345 346 
184 347 309 348 345 
185 345 348 302 313 
186 346 345 313 87 
187 87 351 349 350 
188 351 313 352 349 
189 349 352 312 342 
190 350 349 342 307 
191 50 354 353 275 
192 354 270 355 353 
193 353 355 269 356 
194 275 353 356 111 
195 274 358 357 303 
196 358 50 359 357 
197 357 359 275 360 
198 303 357 360 273 
199 302 362 361 314 
200 362 274 363 361 
201 361 363 303 364 
202 314 361 364 301 
203 312 366 365 343 
204 366 314 367 365 
205 365 367 301 368 
206 343 365 368 315 
207 342 371 369 370 
208 371 312 372 369 
209 369 372 343 373 
210 370 369 373 340 
211 1 376 374 375 
212 376 12 130 374 
213 374 130 10 62 
214 375 374 62 11 
215 7 378 377 132 
216 378 16 379 377 
217 377 379 15 32 
218 132 377 32 13 
219 16 381 380 379 
220 381 2 382 380 
221 380 382 17 282 
222 379 380 282 15 
223 19 38 383 384 
224 38 21 317 383 
225 383 317 9 385 
226 384 383 385 22 
227 20 94 386 387 
228 94 19 384 386 
229 386 384 22 388 
230 387 386 388 4 
231 10 391 389 390 
232 391 25 134 389 
233 389 134 23 66 
234 390 389 66 24 
235 28 264 392 318 
236 264 29 393 392 
237 392 393 3 394 
238 318 392 394 30 
239 13 396 395 136 
240 396 32 397 395 
241 395 397 31 48 
242 136 395 48 26 
243 32 399 398 397 
244 399 15 400 398 
245 398 400 33 285 
246 397 398 285 31 
247 35 54 401 402 
248 54 37 321 401 
249 401 321 21 403 
250 402 401 403 38 
251 36 97 404 405 
252 97 35 402 404 
253 404 402 38 406 
254 405 404 406 19 
255 23 409 407 408 
256 409 41 138 407 
257 407 138 39 70 
258 408 407 70 40 
259 44 268 410 322 
260 268 45 411 410 
261 410 411 28 412 
262 322 410 412 46 
263 26 414 413 140 
264 414 48 415 413 
265 413 415 47 85 
266 140 413 85 42 
267 48 417 416 415 
268 417 31 418 416 
269 416 418 49 288 
270 415 416 288 47 
271 51 78 419 420 
272 78 53 325 419 
273 419 325 37 421 
274 420 419 421 54 
275 52 100 422 423 
276 100 51 420 422 
277 422 420 54 424 
278 423 422 424 35 
279 70 427 425 426 
280 427 39 142 425 
281 425 142 56 193 
282 426 425 193 68 
283 72 272 428 326 
284 272 73 429 428 
285 428 429 44 430 
286 326 428 430 74 
287 56 433 431 432 
288 433 81 146 431 
289 431 146 79 197 
290 432 431 197 80 
291 42 435 434 167 
292 435 85 436 434 
293 434 436 84 225 
294 167 434 225 58 
295 85 438 437 436 
296 438 47 439 437 
297 437 439 86 291 
298 436 437 291 84 
299 89 441 440 170 
300 441 58 442 440 
301 440 442 90 228 
302 170 440 228 88 
303 71 194 443 444 
304 194 43 102 443 
305 443 102 76 445 
306 444 443 445 98 
307 43 198 446 447 
308 198 83 121 446 
309 446 121 101 448 
310 447 446 448 102 
311 79 451 449 450 
312 451 107 150 449 
313 449 150 105 201 
314 450 449 201 106 
315 77 214 452 453 
316 214 110 329 452 
317 452 329 112 454 
318 453 452 454 53 
319 117 456 455 173 
320 456 88 457 455 
321 455 457 118 231 
322 173 455 231 116 
323 83 202 458 459 
324 202 109 179 458 
325 458 179 120 460 
326 459 458 460 121 
327 125 206 461 462 
328 206 124 183 461 
329 461 183 128 463 
330 462 461 463 109 
331 59 159 464 180 
332 159 119 220 464 
333 464 220 153 465 
334 180 464 465 122 
335 127 177 466 184 
336 177 156 467 466 
337 466 467 159 468 
338 184 466 468 59 
339 211 280 469 470 
340 280 213 333 469 
341 469 333 110 471 
342 470 469 471 214 
343 114 236 472 473 
344 236 211 470 472 
345 472 470 214 474 
346 473 472 474 77 
347 91 476 475 222 
348 476 216 238 475 
349 475 238 215 477 
350 222 475 477 154 
351 58 479 478 442 
352 479 225 480 478 
353 478 480 224 243 
354 442 478 243 90 
355 225 482 481 480 
356 482 84 483 481 
357 481 483 226 294 
358 480 481 294 224 
359 118 485 484 232 
360 485 227 251 484 
361 484 251 216 476 
362 232 484 476 91 
363 234 487 486 254 
364 487 212 297 486 
365 486 297 235 488 
366 254 486 488 233 
367 242 490 489 248 
368 490 244 491 489 
369 489 491 212 487 
370 248 489 487 234 
371 111 356 492 330 
372 356 269 493 492 
373 492 493 272 494 
374 330 492 494 72 
375 273 360 495 334 
376 360 275 496 495 
377 495 496 111 497 
378 334 495 497 276 
379 277 308 498 499 
380 308 279 337 498 
381 498 337 213 500 
382 499 498 500 280 
383 235 300 501 502 
384 300 277 499 501 
385 501 499 280 503 
386 502 501 503 211 
387 86 505 504 292 
388 505 287 506 504 
389 504 506 270 354 
390 292 504 354 50 
391 84 508 507 483 
392 508 291 509 507 
393 507 509 290 310 
394 483 507 310 226 
395 290 511 510 311 
396 511 292 512 510 
397 510 512 50 358 
398 311 510 358 274 
399 293 515 513 514 
400 515 295 346 513 
401 513 346 87 306 
402 514 513 306 278 
403 244 517 516 491 
404 517 293 514 516 
405 516 514 278 298 
406 491 516 298 212 
407 301 364 518 338 
408 364 303 519 518 
409 518 519 273 520 
410 338 518 520 304 
411 309 522 521 348 
412 522 311 523 521 
413 521 523 274 362 
414 348 521 362 302 
415 313 525 524 352 
416 525 302 526 524 
417 524 526 314 366 
418 352 524 366 312 
419 75 115 527 528 
420 115 77 453 527 
421 527 453 53 529 
422 528 527 529 78 
423 76 104 530 531 
424 104 75 528 530 
425 530 528 78 532 
426 531 530 532 51 
427 98 445 533 534 
428 445 76 531 533 
429 533 531 51 535 
430 534 533 535 100 
431 113 218 536 537 
432 218 114 473 536 
433 536 473 77 538 
434 537 536 538 115 
435 103 155 539 540 
436 155 113 537 539 
437 539 537 115 541 
438 540 539 541 75 
439 88 543 542 457 
440 543 228 544 542 
441 542 544 227 485 
442 457 542 485 118 
443 228 546 545 544 
444 546 90 547 545 
445 545 547 229 252 
446 544 545 252 227 
447 233 488 548 549 
448 488 235 502 548 
449 548 502 211 550 
450 549 548 550 236 
451 217 255 551 552 
452 255 233 549 551 
453 551 549 236 553 
454 552 551 553 114 
455 90 555 554 547 
456 555 243 556 554 
457 554 556 242 247 
458 547 554 247 229 
459 243 558 557 556 
460 558 224 559 557 
461 557 559 244 490 
462 556 557 490 242 
463 47 561 560 439 
464 561 288 562 560 
465 560 562 287 505 
466 439 560 505 86 
467 291 564 563 509 
468 564 86 565 563 
469 563 565 292 511 
470 509 563 511 290 
471 224 567 566 559 
472 567 294 568 566 
473 566 568 293 517 
474 559 566 517 244 
475 294 570 569 568 
476 570 226 571 569 
477 569 571 295 515 
478 568 569 515 293 
479 226 573 572 571 
480 573 310 574 572 
481 572 574 309 347 
482 571 572 347 295 
483 310 576 575 574 
484 576 290 577 575 
485 575 577 311 522 
486 574 575 522 309 
487 101 123 578 579 
488 123 103 540 578 
489 578 540 75 580 
490 579 578 580 104 
491 102 448 581 582 
492 448 101 579 581 
493 581 579 104 583 
494 582 581 583 76 
495 215 241 584 585 
496 241 217 552 584 
497 584 552 114 586 
498 585 584 586 218 
499 154 477 587 588 
500 477 215 585 587 
501 587 585 218 589 
502 588 587 589 113 
