2 0.000000 100.000000 5791.461216
614 520 
1 -10.000000 0.000000 -10.024215 100.007821 -0.004643 -0.000982 -0.000156 
2 10.992546 0.000000 -10.024215 100.007238 -0.028218 0.050251 -0.000145 
3 10.992546 0.000000 10.125555 99.992709 0.027928 0.050044 0.000145 
4 -10.000000 0.000000 10.125555 99.992130 0.004679 -0.000826 0.000157 
5 0.496273 0.000000 0.050670 99.832186 3.304406 21.678145 -0.044733 
6 -10.000000 0.000000 0.050670 99.999717 0.000067 -0.010458 0.000006 
7 0.496273 0.000000 -10.024215 100.022846 -0.015750 0.025012 -0.000457 
8 10.992546 0.000000 0.050670 99.999757 0.233999 8.702258 -0.007574 
9 0.496273 0.000000 10.125555 99.977485 0.015635 0.024955 0.000450 
10 -4.751863 0.000000 -4.986773 100.032287 -0.009192 -0.005666 -0.000646 
11 -10.000000 0.000000 -4.986773 100.007681 -0.003098 -0.006221 -0.000154 
12 -4.751863 0.000000 -10.024215 100.016404 -0.008509 0.005038 -0.000328 
13 0.496273 0.000000 -4.986773 100.090720 -0.032843 0.099381 -0.001816 
14 -4.751863 0.000000 0.050670 99.997605 0.000327 -0.045418 0.000048 
15 5.744410 0.000000 -4.986773 100.027690 -0.054760 0.187248 -0.000558 
16 5.744410 0.000000 -10.024215 100.015399 -0.022784 0.043748 -0.000308 
17 10.992546 0.000000 -4.986773 100.006814 -0.058257 0.192670 -0.000140 
18 5.744410 0.000000 0.050670 99.998241 0.214854 7.256630 -0.005235 
19 -4.751863 0.000000 5.088112 99.967380 0.009373 -0.004400 0.000652 
20 -10.000000 0.000000 5.088112 99.992035 0.003187 -0.005971 0.000159 
21 0.496273 0.000000 5.088112 99.911901 0.032522 0.098537 0.001760 
22 -4.751863 0.000000 10.125555 99.983705 0.008518 0.005290 0.000326 
23 -2.127795 0.000000 -2.468051 100.135850 -0.018665 -0.022377 -0.002719 
24 -4.751863 0.000000 -2.468051 100.031838 -0.006453 -0.027352 -0.000637 
25 -2.127795 0.000000 -4.986773 100.067267 -0.017856 0.019848 -0.001346 
26 0.496273 0.000000 -2.468051 100.528756 -0.102063 0.461371 -0.010625 
27 -2.127795 0.000000 0.050670 99.972669 0.005709 -0.375631 0.000532 
28 5.744410 0.000000 5.088112 99.971911 0.053791 0.185328 0.000558 
29 10.992546 0.000000 5.088112 99.992926 0.057168 0.192102 0.000137 
30 5.744410 0.000000 10.125555 99.984682 0.022537 0.043435 0.000306 
31 3.120341 0.000000 -2.468051 100.099840 -0.105965 0.696122 -0.002047 
32 3.120341 0.000000 -4.986773 100.059277 -0.047046 0.169135 -0.001189 
33 5.744410 0.000000 -2.468051 100.025078 -0.115883 0.689085 -0.000550 
34 3.120341 0.000000 0.050670 99.988003 0.212057 7.363473 -0.005187 
35 -2.127795 0.000000 2.569391 99.861977 0.019684 -0.011693 0.002759 
36 -4.751863 0.000000 2.569391 99.965855 0.006893 -0.025240 0.000683 
37 0.496273 0.000000 2.569391 99.614590 0.074128 0.400302 0.007677 
38 -2.127795 0.000000 5.088112 99.933754 0.017980 0.021740 0.001324 
39 -0.815761 0.000000 -1.208691 100.652843 -0.119887 -0.041337 -0.013101 
40 -2.127795 0.000000 -1.208691 100.214124 -0.011067 -0.263923 -0.004294 
41 -0.815761 0.000000 -2.468051 100.301837 -0.037257 0.077894 -0.006047 
42 0.496273 0.000000 -1.208691 101.058507 -0.227863 1.504177 -0.021514 
43 -0.815761 0.000000 0.050670 99.794386 0.022293 -0.932114 0.004021 
44 3.120341 0.000000 2.569391 99.896938 0.102603 0.684899 0.002012 
45 5.744410 0.000000 2.569391 99.972994 0.112395 0.684064 0.000492 
46 3.120341 0.000000 5.088112 99.941292 0.046224 0.166382 0.001171 
47 1.808307 0.000000 -1.208691 100.409464 -0.227214 2.366478 -0.008771 
48 1.808307 0.000000 -2.468051 100.215112 -0.091776 0.641076 -0.004349 
49 3.120341 0.000000 -1.208691 100.083705 -0.203967 2.121092 -0.002129 
50 1.808307 0.000000 0.050670 99.928274 0.214558 7.592695 -0.004336 
51 -0.815761 0.000000 1.310030 99.358138 0.152437 0.052698 0.012793 
52 -2.127795 0.000000 1.310030 99.819193 0.015192 -0.143634 0.003611 
53 0.496273 0.000000 1.310030 98.943503 0.281579 1.540951 0.020773 
54 -0.815761 0.000000 2.569391 99.728067 0.036828 0.101149 0.005430 
55 -0.159744 0.000000 -0.579011 102.685198 -0.176636 -0.217875 -0.054433 
56 -0.815761 0.000000 -0.579011 100.145622 -0.039477 0.227960 -0.002920 
57 -0.159744 0.000000 -1.208691 101.006982 -0.167899 0.507738 -0.020270 
58 0.496273 0.000000 -0.579011 102.812072 -0.278181 4.182584 -0.058789 
59 -0.159744 0.000000 0.050670 76.666441 2.213310 -15.147703 0.388791 
60 1.808307 0.000000 1.310030 99.564441 0.211509 2.324510 0.008147 
61 3.120341 0.000000 1.310030 99.902798 0.193145 2.132207 0.001485 
62 1.808307 0.000000 2.569391 99.787729 0.089181 0.623103 0.004201 
63 1.152290 0.000000 -0.579011 100.758250 -0.313094 4.806383 -0.017542 
64 1.152290 0.000000 -1.208691 100.648537 -0.268888 2.146516 -0.013481 
65 1.808307 0.000000 -0.579011 100.200998 -0.346717 4.600729 -0.006153 
66 1.152290 0.000000 0.050670 99.433882 0.142183 8.874690 0.003412 
67 -0.159744 0.000000 0.680350 97.741894 0.169266 0.537959 0.044620 
68 -0.815761 0.000000 0.680350 99.273458 0.106998 -0.251574 0.014471 
69 0.496273 0.000000 0.680350 97.401569 0.294016 3.825289 0.049822 
70 -0.159744 0.000000 1.310030 98.974706 0.230960 0.631818 0.020355 
71 0.168265 0.000000 -0.264170 108.407340 0.393621 3.552685 -0.176493 
72 -0.159744 0.000000 -0.264170 103.392473 -0.002111 -2.546810 -0.069649 
73 0.168265 0.000000 -0.579011 103.527787 -0.194637 1.913108 -0.072170 
74 0.496273 0.000000 -0.264170 104.313795 0.141186 8.211457 -0.094882 
75 0.168265 0.000000 0.050670 95.571408 2.403898 -5.063200 0.083469 
76 -7.375932 0.000000 -2.468051 100.010748 -0.003068 -0.015653 -0.000215 
77 -10.000000 0.000000 -2.468051 100.004720 -0.001709 -0.009193 -0.000094 
78 -7.375932 0.000000 -4.986773 100.015039 -0.005001 -0.007528 -0.000301 
79 -7.375932 0.000000 0.050670 99.999321 0.000129 -0.019594 0.000014 
80 -3.439829 0.000000 -1.208691 100.044315 -0.006057 -0.066676 -0.000887 
81 -4.751863 0.000000 -1.208691 100.019126 -0.003475 -0.040223 -0.000383 
82 -3.439829 0.000000 -2.468051 100.062969 -0.010452 -0.033646 -0.001260 
83 -3.439829 0.000000 0.050670 99.994084 0.000649 -0.083077 0.000118 
84 -1.471778 0.000000 -0.579011 100.190794 -0.038357 -0.244091 -0.003826 
85 -2.127795 0.000000 -0.579011 100.130656 -0.008151 -0.349709 -0.002627 
86 -1.471778 0.000000 -1.208691 100.388617 -0.046170 -0.243063 -0.007794 
87 -1.471778 0.000000 0.050670 99.943154 0.014654 -0.311280 0.001127 
88 -0.487753 0.000000 -0.264170 100.910538 -0.003989 -1.634656 -0.018561 
89 -0.815761 0.000000 -0.264170 100.319611 -0.002200 -0.842366 -0.006473 
90 -0.487753 0.000000 -0.579011 101.301378 -0.038574 -0.677841 -0.026243 
91 -0.487753 0.000000 0.050670 99.441511 0.071133 -1.919451 0.010770 
92 1.152290 0.000000 0.680350 98.953765 0.249037 5.094009 0.018214 
93 1.808307 0.000000 0.680350 99.711083 0.316601 4.880101 0.003378 
94 1.152290 0.000000 1.310030 99.358980 0.255376 2.057569 0.012349 
95 0.168265 0.000000 0.365510 93.842493 0.069026 3.205871 0.118330 
96 -0.159744 0.000000 0.365510 96.422238 0.173977 -0.579565 0.070239 
97 0.496273 0.000000 0.365510 95.878092 0.335515 7.310096 0.075384 
98 0.168265 0.000000 0.680350 97.066061 0.250355 2.081555 0.057378 
99 0.004260 0.000000 -0.106750 93.416020 1.983580 -0.274744 0.126944 
100 -0.159744 0.000000 -0.106750 66.834720 2.254605 -27.474111 0.477321 
101 0.004260 0.000000 -0.264170 106.971892 0.125605 -1.228528 -0.144451 
102 0.168265 0.000000 -0.106750 99.846511 2.695158 1.816181 0.002011 
103 0.004260 0.000000 0.050670 94.387057 1.390993 0.243447 0.108909 
104 0.824282 0.000000 -0.264170 101.257624 -0.436484 7.963537 -0.031671 
105 0.824282 0.000000 -0.579011 101.600851 -0.226280 5.011704 -0.034790 
106 1.152290 0.000000 -0.264170 100.385666 -0.396055 7.061036 -0.012730 
107 0.824282 0.000000 0.050670 110.095748 0.370055 20.370046 -0.253615 
108 0.332269 0.000000 -0.106750 111.898245 3.665101 3.962956 -0.255036 
109 0.332269 0.000000 -0.264170 106.636715 0.386723 6.970775 -0.142013 
110 0.496273 0.000000 -0.106750 104.404592 0.143990 11.405886 -0.103043 
111 0.332269 0.000000 0.050670 105.797627 0.535777 10.074364 -0.129492 
112 -7.375932 0.000000 2.569391 99.988273 0.003283 -0.015119 0.000235 
113 -10.000000 0.000000 2.569391 99.994808 0.001830 -0.009008 0.000104 
114 -7.375932 0.000000 5.088112 99.984545 0.005130 -0.006965 0.000309 
115 -3.439829 0.000000 1.310030 99.947346 0.007135 -0.061905 0.001052 
116 -4.751863 0.000000 1.310030 99.976925 0.004064 -0.038619 0.000461 
117 -3.439829 0.000000 2.569391 99.933760 0.011123 -0.028875 0.001324 
118 -1.471778 0.000000 0.680350 99.735459 0.061656 -0.195661 0.005280 
119 -2.127795 0.000000 0.680350 99.832085 0.026033 -0.320333 0.003345 
120 -1.471778 0.000000 1.310030 99.585099 0.055379 -0.188174 0.008277 
121 -0.487753 0.000000 0.365510 98.479490 0.096013 -1.152708 0.030045 
122 -0.815761 0.000000 0.365510 99.373685 0.041671 -0.674388 0.012441 
123 -0.487753 0.000000 0.680350 98.581921 0.088140 -0.284622 0.028152 
124 0.004260 0.000000 0.208090 52.923015 2.335383 -6.565226 0.715060 
125 -0.159744 0.000000 0.208090 95.756611 0.176196 -2.192012 0.082584 
126 0.168265 0.000000 0.208090 89.715603 0.718070 4.271598 0.193235 
127 0.004260 0.000000 0.365510 94.776138 0.105603 0.723495 0.101695 
128 0.086262 0.000000 -0.028040 101.216376 2.125138 1.550932 -0.025168 
129 0.004260 0.000000 -0.028040 95.056322 1.414541 0.717286 0.096178 
130 0.086262 0.000000 -0.106750 96.376309 2.047710 1.898997 0.070381 
131 0.168265 0.000000 -0.028040 105.504049 2.914915 2.388015 -0.114530 
132 0.086262 0.000000 0.050670 96.414016 2.050217 2.542122 0.069367 
133 -0.323748 0.000000 -0.106750 100.476973 0.071191 -2.770940 -0.010331 
134 -0.487753 0.000000 -0.106750 100.242192 0.030446 -1.943365 -0.005227 
135 -0.323748 0.000000 -0.264170 101.581093 -0.006426 -1.948543 -0.032252 
136 -0.323748 0.000000 0.050670 98.877213 0.109303 -2.682270 0.021609 
137 -0.077742 0.000000 -0.028040 89.128794 2.070276 -3.495809 0.203955 
138 -0.159744 0.000000 -0.028040 84.359183 2.173576 -14.951447 0.265526 
139 -0.077742 0.000000 -0.106750 89.447762 2.086986 -4.253517 0.197665 
140 -0.077742 0.000000 0.050670 89.075764 2.058421 -2.949872 0.205257 
141 0.824282 0.000000 0.365510 97.958066 0.426313 8.059569 0.033908 
142 1.152290 0.000000 0.365510 99.030511 0.212700 8.097960 0.012734 
143 0.824282 0.000000 0.680350 98.153713 0.083958 4.926584 0.034157 
144 0.332269 0.000000 0.208090 91.331518 -4.031074 15.002087 0.141724 
145 0.496273 0.000000 0.208090 102.973926 5.510101 20.074939 -0.103699 
146 0.332269 0.000000 0.365510 94.385549 0.171816 5.840981 0.105722 
147 0.086262 0.000000 0.129380 95.596996 2.075781 1.004598 0.085590 
148 0.004260 0.000000 0.129380 90.904447 2.033050 -1.365730 0.173038 
149 0.168265 0.000000 0.129380 88.828469 2.421670 -2.251765 0.209857 
150 0.086262 0.000000 0.208090 25.801097 2.557242 21.374809 0.887088 
151 0.045261 0.000000 0.011315 94.055122 2.246225 3.381350 0.113715 
152 0.004260 0.000000 0.011315 92.476935 1.412541 2.673690 0.143887 
153 0.045261 0.000000 -0.028040 96.895719 2.079406 1.159117 0.060555 
154 0.086262 0.000000 0.011315 97.478813 2.084279 2.213147 0.048864 
155 0.045261 0.000000 0.050670 94.827802 1.970128 1.878919 0.100028 
156 -0.323748 0.000000 0.208090 97.935513 0.151894 -1.715279 0.040567 
157 -0.487753 0.000000 0.208090 98.820812 0.100925 -1.542978 0.023206 
158 -0.323748 0.000000 0.365510 97.741951 0.194148 -0.856637 0.044574 
159 -0.077742 0.000000 0.129380 86.411726 2.091897 -4.860961 0.250501 
160 -0.159744 0.000000 0.129380 95.814378 0.241333 -3.588244 0.080667 
161 -0.077742 0.000000 0.208090 94.052176 0.265308 -1.641540 0.115142 
162 -0.036741 0.000000 0.011315 92.248787 2.010661 -0.815616 0.148545 
163 -0.077742 0.000000 0.011315 89.075764 2.058421 -2.949872 0.205257 
164 -0.036741 0.000000 -0.028040 92.248787 2.010661 -0.815616 0.148545 
165 -0.036741 0.000000 0.050670 90.904447 2.033050 -1.365730 0.173038 
166 -2.127795 0.000000 -7.505494 100.035268 -0.014704 0.017355 -0.000706 
167 -4.751863 0.000000 -7.505494 100.023467 -0.009112 0.003223 -0.000469 
168 -2.127795 0.000000 -10.024215 100.021081 -0.011822 0.013367 -0.000422 
169 0.496273 0.000000 -7.505494 100.040582 -0.021760 0.043460 -0.000812 
170 -0.815761 0.000000 -3.727412 100.143393 -0.029873 0.074309 -0.002871 
171 -2.127795 0.000000 -3.727412 100.097231 -0.019142 0.012149 -0.001946 
172 -0.815761 0.000000 -4.986773 100.085326 -0.024759 0.053590 -0.001708 
173 0.496273 0.000000 -3.727412 100.159554 -0.043864 0.178345 -0.003197 
174 -0.159744 0.000000 -1.838371 100.557602 -0.152823 0.384412 -0.011200 
175 -0.815761 0.000000 -1.838371 100.566961 -0.078145 0.034580 -0.011372 
176 -0.159744 0.000000 -2.468051 100.523660 -0.083739 0.238950 -0.010507 
177 0.496273 0.000000 -1.838371 100.567546 -0.184780 0.759582 -0.011444 
178 0.168265 0.000000 -0.893851 102.172695 -0.117503 1.319356 -0.044101 
179 -0.159744 0.000000 -0.893851 101.744459 -0.087564 0.340215 -0.035206 
180 0.168265 0.000000 -1.208691 101.429592 -0.176536 0.967497 -0.028893 
181 0.496273 0.000000 -0.893851 101.989951 -0.173584 2.419654 -0.040783 
182 0.004260 0.000000 -0.421590 104.584149 -0.083572 0.224645 -0.093790 
183 -0.159744 0.000000 -0.421590 103.054482 -0.052921 -0.831426 -0.062092 
184 0.004260 0.000000 -0.579011 103.123524 -0.248728 0.847814 -0.063524 
185 0.168265 0.000000 -0.421590 105.298763 0.115359 2.416439 -0.109368 
186 0.086262 0.000000 -0.185460 95.671295 1.998536 -2.608178 0.083621 
187 0.004260 0.000000 -0.185460 90.154000 2.089867 -5.426360 0.183844 
188 0.086262 0.000000 -0.264170 108.237500 0.241060 1.024476 -0.171646 
189 0.168265 0.000000 -0.185460 128.836093 1.818311 -1.966641 -0.660591 
190 0.045261 0.000000 -0.067395 95.563763 2.548503 1.065704 0.085994 
191 0.004260 0.000000 -0.067395 94.991294 1.932581 0.758066 0.097234 
192 0.045261 0.000000 -0.106750 95.622506 1.437786 1.203119 0.085282 
193 0.086262 0.000000 -0.067395 96.973101 2.082119 2.300050 0.058659 
194 0.024761 0.000000 -0.008363 95.293993 2.054656 1.422981 0.091281 
195 0.004260 0.000000 -0.008363 93.149861 1.453307 -0.554854 0.132068 
196 0.024761 0.000000 -0.028040 96.458432 1.987560 0.792992 0.069119 
197 0.045261 0.000000 -0.008363 97.190250 2.059468 1.581963 0.054731 
198 0.024761 0.000000 0.011315 91.589138 2.421635 4.158786 0.158827 
199 -0.077742 0.000000 -0.185460 90.026501 2.137201 -25.623461 0.123410 
200 -0.159744 0.000000 -0.185460 103.156217 0.088555 -3.992524 -0.065715 
201 -0.077742 0.000000 -0.264170 105.095321 0.080830 -2.377134 -0.105068 
202 -0.036741 0.000000 -0.067395 90.904447 2.033050 -1.365730 0.173038 
203 -0.077742 0.000000 -0.067395 89.128794 2.070276 -3.495809 0.203955 
204 -0.036741 0.000000 -0.106750 91.220096 2.053711 -2.744949 0.166714 
205 -0.016240 0.000000 -0.008363 93.431503 1.939298 -0.226617 0.126674 
206 -0.036741 0.000000 -0.008363 92.248787 2.010661 -0.815616 0.148545 
207 -0.016240 0.000000 -0.028040 93.431503 1.939298 -0.226617 0.126674 
208 -0.016240 0.000000 0.011315 93.431503 1.939298 -0.226617 0.126674 
209 0.024761 0.000000 -0.047718 95.554349 1.990102 1.141724 0.086410 
210 0.004260 0.000000 -0.047718 95.056322 1.414541 0.717286 0.096178 
211 0.024761 0.000000 -0.067395 95.622506 1.437786 1.203119 0.085282 
212 0.045261 0.000000 -0.047718 95.596996 2.075781 1.004598 0.085590 
213 0.014511 0.000000 -0.018202 97.372897 1.984821 0.149924 0.051456 
214 0.004260 0.000000 -0.018202 95.859583 1.423242 -0.519896 0.080864 
215 0.014511 0.000000 -0.028040 94.995841 1.986998 0.662374 0.097140 
216 0.024761 0.000000 -0.018202 97.352190 2.525001 0.092655 0.051617 
217 0.014511 0.000000 -0.008363 94.379787 1.977284 1.901151 0.108493 
218 0.045261 0.000000 0.090025 95.596996 2.075781 1.004598 0.085590 
219 0.004260 0.000000 0.090025 93.532215 1.380496 -0.251288 0.124976 
220 0.086262 0.000000 0.090025 96.413176 2.084706 1.670998 0.069736 
221 0.045261 0.000000 0.129380 93.532215 1.380496 -0.251288 0.124976 
222 0.024761 0.000000 0.030992 94.580742 1.974327 2.047787 0.104639 
223 0.004260 0.000000 0.030992 93.816210 1.395426 1.817046 0.119327 
224 0.045261 0.000000 0.030992 93.775359 1.793819 3.036220 0.119375 
225 0.024761 0.000000 0.050670 95.137253 2.509324 1.528850 0.094027 
226 0.250267 0.000000 -0.028040 101.283213 2.529165 -5.275014 -0.029251 
227 0.250267 0.000000 -0.106750 113.766453 3.247707 3.171428 -0.296341 
228 0.332269 0.000000 -0.028040 110.094956 2.565607 5.954542 -0.216294 
229 0.250267 0.000000 0.050670 102.966179 1.799767 -2.877643 -0.061355 
230 0.127263 0.000000 0.011315 102.001223 2.569455 1.567913 -0.041331 
231 0.127263 0.000000 -0.028040 102.209935 2.779728 2.315090 -0.045996 
232 0.168265 0.000000 0.011315 96.527929 2.417737 -4.764491 0.065381 
233 0.127263 0.000000 0.050670 96.019637 2.523331 1.216519 0.077238 
234 0.250267 0.000000 0.129380 94.094347 2.425131 -1.949534 0.113657 
235 0.332269 0.000000 0.129380 104.455624 1.958371 7.403881 -0.096963 
236 0.250267 0.000000 0.208090 89.731664 1.174387 7.984654 0.188309 
237 0.209266 0.000000 0.090025 96.117467 2.353053 -4.672088 0.073407 
238 0.168265 0.000000 0.090025 93.918333 2.620605 -4.228964 0.115459 
239 0.209266 0.000000 0.050670 97.625811 2.259005 -4.738425 0.044165 
240 0.250267 0.000000 0.090025 100.268993 1.898694 -3.239977 -0.006797 
241 0.209266 0.000000 0.129380 95.949962 2.576099 -1.777657 0.078381 
242 0.660277 0.000000 -0.106750 101.602686 -0.015678 10.898386 -0.044188 
243 0.660277 0.000000 -0.264170 102.453252 -0.230194 8.356057 -0.056655 
244 0.824282 0.000000 -0.106750 100.382854 -0.241194 9.424131 -0.016559 
245 0.660277 0.000000 0.050670 106.158319 0.865097 17.991303 -0.159402 
246 0.414271 0.000000 -0.028040 107.664200 2.553816 7.188790 -0.164978 
247 0.414271 0.000000 -0.106750 105.764045 0.323186 11.383598 -0.131572 
248 0.496273 0.000000 -0.028040 106.598831 6.378225 16.204656 -0.166658 
249 0.414271 0.000000 0.050670 104.728980 1.987616 15.854734 -0.122348 
250 0.291268 0.000000 0.011315 102.421849 1.125124 -0.978413 -0.049246 
251 0.250267 0.000000 0.011315 104.111908 1.815262 -4.314334 -0.086120 
252 0.291268 0.000000 -0.028040 109.877674 2.633136 5.183187 -0.210690 
253 0.332269 0.000000 0.011315 109.273437 0.693073 9.038736 -0.202286 
254 0.291268 0.000000 0.050670 101.478629 1.081325 -0.494767 -0.029933 
255 0.660277 0.000000 0.208090 97.369716 0.645727 9.483585 0.042878 
256 0.824282 0.000000 0.208090 97.970702 0.593123 9.286139 0.031516 
257 0.660277 0.000000 0.365510 97.133147 0.388972 7.805103 0.050408 
258 0.414271 0.000000 0.129380 98.788698 1.222886 23.548473 -0.031523 
259 0.496273 0.000000 0.129380 97.055922 5.493639 20.000963 0.014993 
260 0.414271 0.000000 0.208090 101.425499 2.933348 15.813390 -0.054580 
261 0.578275 0.000000 -0.028040 100.657439 4.103702 17.485431 -0.045450 
262 0.578275 0.000000 -0.106750 102.952926 0.217322 11.474265 -0.073101 
263 0.660277 0.000000 -0.028040 100.493322 0.255307 13.008506 -0.026819 
264 0.578275 0.000000 0.050670 103.742907 5.104730 19.813298 -0.118122 
265 0.578275 0.000000 0.129380 105.060985 6.427754 18.432422 -0.141888 
266 0.660277 0.000000 0.129380 108.902096 2.330547 8.839959 -0.194324 
267 0.578275 0.000000 0.208090 110.723343 7.135702 21.218965 -0.276082 
268 0.537274 0.000000 0.011315 102.047232 5.505609 19.750781 -0.083404 
269 0.496273 0.000000 0.011315 100.237429 4.066042 20.280332 -0.047537 
270 0.537274 0.000000 -0.028040 103.378314 4.450457 12.105005 -0.085341 
271 0.578275 0.000000 0.011315 105.437402 5.721229 20.739627 -0.157991 
272 0.537274 0.000000 0.050670 100.287046 5.047875 21.324768 -0.053772 
273 8.368478 0.000000 2.569391 99.990166 0.115352 0.674781 0.000150 
274 8.368478 0.000000 0.050670 99.999448 0.214928 7.236469 -0.005230 
275 10.992546 0.000000 2.569391 99.995479 0.112335 0.697889 0.000040 
276 8.368478 0.000000 5.088112 99.986530 0.055450 0.193268 0.000265 
277 4.432375 0.000000 1.310030 99.962894 0.198337 2.099466 0.000297 
278 4.432375 0.000000 0.050670 99.996087 0.214793 7.283290 -0.005231 
279 5.744410 0.000000 1.310030 99.982474 0.200537 2.081119 -0.000087 
280 4.432375 0.000000 2.569391 99.949508 0.109089 0.689309 0.000961 
281 2.464324 0.000000 0.680350 99.832163 0.293010 4.948476 0.000897 
282 2.464324 0.000000 0.050670 99.972232 0.211523 7.614109 -0.005247 
283 3.120341 0.000000 0.680350 99.935258 0.286763 4.713682 -0.000936 
284 2.464324 0.000000 1.310030 99.807149 0.193638 2.181068 0.003374 
285 1.480299 0.000000 0.365510 99.594730 0.367472 7.937070 0.001776 
286 1.480299 0.000000 0.050670 99.814441 0.219915 8.013298 -0.002718 
287 1.808307 0.000000 0.365510 99.808086 0.350855 7.672837 -0.002065 
288 1.480299 0.000000 0.680350 99.490672 0.335274 5.002237 0.007647 
289 0.988286 0.000000 0.208090 98.334115 0.423436 10.005974 0.023010 
290 0.988286 0.000000 0.050670 98.581950 0.135084 9.812353 0.018530 
291 1.152290 0.000000 0.208090 99.067481 0.278042 10.229596 0.008091 
292 0.988286 0.000000 0.365510 98.471125 0.341898 8.398987 0.023278 
293 0.742279 0.000000 0.129380 109.338664 0.855357 11.343331 -0.208435 
294 0.742279 0.000000 0.050670 108.455049 0.495983 18.011755 -0.208717 
295 0.824282 0.000000 0.129380 111.001116 0.535563 12.391921 -0.247509 
296 0.742279 0.000000 0.208090 97.688942 0.612710 9.317248 0.036968 
297 0.619276 0.000000 0.090025 107.058024 4.993135 18.585750 -0.183178 
298 0.578275 0.000000 0.090025 105.023452 5.683854 17.777889 -0.137829 
299 0.619276 0.000000 0.050670 107.004334 3.961612 17.826807 -0.178342 
300 0.660277 0.000000 0.090025 107.524998 1.688323 12.991922 -0.173327 
301 0.619276 0.000000 0.129380 107.908894 6.206659 18.233897 -0.201533 
302 8.368478 0.000000 -2.468051 100.009004 -0.118767 0.678677 -0.000228 
303 8.368478 0.000000 -4.986773 100.013078 -0.056552 0.194097 -0.000266 
304 10.992546 0.000000 -2.468051 100.004108 -0.116223 0.697699 -0.000132 
305 4.432375 0.000000 -1.208691 100.031148 -0.209132 2.080962 -0.001060 
306 4.432375 0.000000 -2.468051 100.047650 -0.112586 0.696149 -0.001003 
307 5.744410 0.000000 -1.208691 100.014521 -0.211253 2.060784 -0.000720 
308 2.464324 0.000000 -0.579011 100.120181 -0.327303 4.607721 -0.004539 
309 2.464324 0.000000 -1.208691 100.183331 -0.205177 2.177517 -0.004148 
310 3.120341 0.000000 -0.579011 100.044469 -0.315512 4.376012 -0.002814 
311 1.480299 0.000000 -0.264170 100.152324 -0.414811 6.537630 -0.007340 
312 1.480299 0.000000 -0.579011 100.379884 -0.364002 4.795769 -0.009925 
313 1.808307 0.000000 -0.264170 100.069369 -0.402019 6.240601 -0.005299 
314 0.988286 0.000000 -0.106750 100.071420 -0.357769 8.530648 -0.008719 
315 0.988286 0.000000 -0.264170 100.829389 -0.412259 7.801487 -0.022760 
316 1.152290 0.000000 -0.106750 100.012763 -0.334435 7.793515 -0.006340 
317 0.742279 0.000000 -0.028040 99.805328 0.073861 11.574000 -0.009507 
318 0.742279 0.000000 -0.106750 100.816191 -0.151602 10.139273 -0.026673 
319 0.824282 0.000000 -0.028040 99.552318 -0.038333 10.456280 -0.002000 
320 0.701278 0.000000 0.090025 108.706645 0.679169 14.215823 -0.201969 
321 0.701278 0.000000 0.050670 107.971511 0.706843 16.206058 -0.192098 
322 0.742279 0.000000 0.090025 108.706645 0.679169 14.215823 -0.201969 
323 0.701278 0.000000 0.129380 109.187859 0.937741 8.961032 -0.200317 
324 0.906284 0.000000 0.129380 114.493950 0.432063 14.289989 -0.331325 
325 0.906284 0.000000 0.050670 112.723767 0.255962 24.227391 -0.329368 
326 0.988286 0.000000 0.129380 107.248743 -0.124366 12.329856 -0.165433 
327 0.906284 0.000000 0.208090 98.176237 0.545513 9.350288 0.027370 
328 0.783281 0.000000 0.090025 110.342110 0.449915 14.458866 -0.238464 
329 0.783281 0.000000 0.050670 109.502744 0.371082 20.392978 -0.240686 
330 0.824282 0.000000 0.090025 110.349656 0.376522 16.234752 -0.244076 
331 0.783281 0.000000 0.129380 110.436772 0.485190 11.405782 -0.232661 
332 0.906284 0.000000 -0.028040 99.471884 -0.063367 9.606723 0.001305 
333 0.906284 0.000000 -0.106750 100.115229 -0.321806 8.720183 -0.009920 
334 0.988286 0.000000 -0.028040 99.476854 -0.174625 8.642628 0.002963 
335 0.865283 0.000000 0.090025 112.340809 0.377497 15.802540 -0.287032 
336 0.865283 0.000000 0.050670 111.583754 0.347275 21.363739 -0.290746 
337 0.906284 0.000000 0.090025 113.740920 0.439932 17.766894 -0.325285 
338 0.865283 0.000000 0.129380 112.569874 0.391467 13.286695 -0.284867 
339 1.316294 0.000000 0.208090 99.430872 0.352351 9.980172 0.001377 
340 1.316294 0.000000 0.050670 99.704224 0.181934 7.858266 -0.000272 
341 1.480299 0.000000 0.208090 99.690734 0.371165 9.613804 -0.003081 
342 1.316294 0.000000 0.365510 99.314528 0.327141 8.148740 0.007012 
343 1.070288 0.000000 0.129380 98.757162 0.370627 10.451567 0.013765 
344 1.070288 0.000000 0.050670 99.151056 0.142359 9.398445 0.008072 
345 1.152290 0.000000 0.129380 99.192201 0.343573 10.133151 0.005811 
346 1.070288 0.000000 0.208090 98.767553 0.398206 10.180830 0.014116 
347 0.947285 0.000000 0.090025 114.625368 0.503809 16.696433 -0.341800 
348 0.947285 0.000000 0.050670 98.446139 0.191906 10.673858 0.019439 
349 0.988286 0.000000 0.090025 97.537768 0.291668 10.918892 0.036708 
350 0.947285 0.000000 0.129380 115.169431 0.547251 11.406617 -0.339441 
351 3.120341 0.000000 7.606834 99.967335 0.028298 0.067131 0.000653 
352 0.496273 0.000000 7.606834 99.960213 0.021595 0.043237 0.000795 
353 5.744410 0.000000 7.606834 99.978704 0.032100 0.081970 0.000425 
354 3.120341 0.000000 10.125555 99.979931 0.019421 0.035972 0.000401 
355 1.808307 0.000000 3.828752 99.876705 0.056048 0.263697 0.002457 
356 0.496273 0.000000 3.828752 99.846469 0.043415 0.176240 0.003065 
357 3.120341 0.000000 3.828752 99.919832 0.065123 0.307876 0.001593 
358 1.808307 0.000000 5.088112 99.922616 0.040070 0.139420 0.001545 
359 1.152290 0.000000 1.939711 99.439897 0.152297 1.079502 0.011052 
360 0.496273 0.000000 1.939711 99.269572 0.145124 0.786321 0.014491 
361 1.808307 0.000000 1.939711 99.584194 0.144786 1.238354 0.008143 
362 1.152290 0.000000 2.569391 99.690443 0.091306 0.545846 0.006151 
363 0.824282 0.000000 0.995190 98.650488 0.258513 2.914168 0.025952 
364 0.496273 0.000000 0.995190 98.223491 0.188955 2.269100 0.034696 
365 1.152290 0.000000 0.995190 99.202544 0.313666 3.174666 0.014868 
366 0.824282 0.000000 1.310030 99.138020 0.273210 1.871456 0.016808 
367 0.988286 0.000000 0.522930 98.527870 0.165204 6.525934 0.024964 
368 0.824282 0.000000 0.522930 98.092188 0.362763 6.286792 0.033827 
369 1.152290 0.000000 0.522930 99.236400 0.263522 5.910611 0.011713 
370 0.988286 0.000000 0.680350 99.331930 0.226648 4.116224 0.011617 
371 0.906284 0.000000 0.286800 98.321353 0.491324 8.868695 0.025402 
372 0.824282 0.000000 0.286800 97.971274 0.462991 8.893410 0.032232 
373 0.988286 0.000000 0.286800 98.511610 0.379036 9.245603 0.020984 
374 0.906284 0.000000 0.365510 98.381805 0.381375 7.928748 0.025801 
375 0.947285 0.000000 0.168735 116.622967 0.630069 -0.371736 -0.360145 
376 0.906284 0.000000 0.168735 114.718664 0.415250 4.831400 -0.318389 
377 0.988286 0.000000 0.168735 98.028631 0.435319 9.577235 0.029847 
378 0.947285 0.000000 0.208090 98.255330 0.515243 9.492911 0.025551 
379 0.926784 0.000000 0.109702 114.336115 0.462732 15.767528 -0.332158 
380 0.906284 0.000000 0.109702 114.493950 0.432063 14.289989 -0.331325 
381 0.926784 0.000000 0.090025 114.493950 0.432063 14.289989 -0.331325 
382 0.947285 0.000000 0.109702 114.445681 0.421880 15.108349 -0.332625 
383 0.926784 0.000000 0.129380 114.493950 0.432063 14.289989 -0.331325 
384 1.316294 0.000000 -0.106750 100.013138 -0.334240 7.097278 -0.005311 
385 1.316294 0.000000 -0.264170 100.330372 -0.421473 7.060042 -0.011621 
386 1.480299 0.000000 -0.106750 100.015779 -0.326998 7.029618 -0.005268 
387 1.070288 0.000000 -0.028040 99.653414 -0.170324 8.553106 -0.000399 
388 1.070288 0.000000 -0.106750 100.018748 -0.347379 8.071626 -0.006902 
389 1.152290 0.000000 -0.028040 99.735294 -0.159260 8.034446 -0.001171 
390 1.029287 0.000000 0.090025 98.454873 0.286779 10.110660 0.020433 
391 1.029287 0.000000 0.050670 98.896583 0.142330 9.547320 0.012829 
392 1.070288 0.000000 0.090025 98.908619 0.283472 9.997767 0.011705 
393 1.029287 0.000000 0.129380 98.221579 0.380685 10.307107 0.024614 
394 0.967785 0.000000 0.109702 111.293606 0.236193 13.101090 -0.255796 
395 0.967785 0.000000 0.090025 115.338469 0.596752 13.872324 -0.349576 
396 0.988286 0.000000 0.109702 109.085875 0.155030 16.037586 -0.215696 
397 0.967785 0.000000 0.129380 111.293606 0.236193 13.101090 -0.255796 
398 1.070288 0.000000 0.286800 98.797546 0.330184 9.259147 0.015320 
399 1.152290 0.000000 0.286800 99.020369 0.242502 9.297926 0.010846 
400 1.070288 0.000000 0.365510 98.788707 0.273276 8.283990 0.017209 
401 1.029287 0.000000 0.168735 98.409656 0.412873 10.276291 0.020977 
402 1.070288 0.000000 0.168735 98.721575 0.398010 10.572228 0.014212 
403 1.029287 0.000000 0.208090 98.560611 0.406309 10.084395 0.018395 
404 0.967785 0.000000 0.149057 116.150616 0.414752 6.640800 -0.353524 
405 0.947285 0.000000 0.149057 115.338469 0.596752 13.872324 -0.349576 
406 0.988286 0.000000 0.149057 97.515864 0.424930 9.149992 0.040675 
407 0.967785 0.000000 0.168735 97.912630 0.453522 9.241943 0.032750 
408 0.957535 0.000000 0.119541 111.293606 0.236193 13.101090 -0.255796 
409 0.947285 0.000000 0.119541 114.902453 0.472702 11.996743 -0.334672 
410 0.957535 0.000000 0.109702 111.293606 0.236193 13.101090 -0.255796 
411 0.967785 0.000000 0.119541 111.293606 0.236193 13.101090 -0.255796 
412 0.957535 0.000000 0.129380 111.293606 0.236193 13.101090 -0.255796 
413 -7.375932 0.000000 -7.505494 100.014060 -0.005884 -0.002112 -0.000281 
414 -10.000000 0.000000 -7.505494 100.008393 -0.004193 -0.003030 -0.000168 
415 -7.375932 0.000000 -10.024215 100.011536 -0.006423 0.000932 -0.000231 
416 3.120341 0.000000 -7.505494 100.033091 -0.028628 0.067932 -0.000662 
417 3.120341 0.000000 -10.024215 100.020301 -0.019614 0.036232 -0.000406 
418 5.744410 0.000000 -7.505494 100.021309 -0.032567 0.082637 -0.000427 
419 8.368478 0.000000 -7.505494 100.012689 -0.035529 0.086815 -0.000255 
420 8.368478 0.000000 -10.024215 100.010713 -0.025083 0.047526 -0.000215 
421 10.992546 0.000000 -7.505494 100.007621 -0.037293 0.087604 -0.000153 
422 -2.127795 0.000000 7.606834 99.965261 0.014696 0.017813 0.000695 
423 -4.751863 0.000000 7.606834 99.976606 0.009165 0.003788 0.000468 
424 -2.127795 0.000000 10.125555 99.979181 0.011783 0.013535 0.000416 
425 -7.375932 0.000000 7.606834 99.985830 0.005950 -0.001737 0.000283 
426 -10.000000 0.000000 7.606834 99.991472 0.004254 -0.002814 0.000171 
427 -7.375932 0.000000 10.125555 99.988460 0.006455 0.001151 0.000231 
428 -3.439829 0.000000 -3.727412 100.058459 -0.012350 -0.010023 -0.001170 
429 -4.751863 0.000000 -3.727412 100.034809 -0.008294 -0.014641 -0.000696 
430 -3.439829 0.000000 -4.986773 100.047603 -0.012732 0.001815 -0.000952 
431 8.368478 0.000000 7.606834 99.987188 0.035030 0.086345 0.000255 
432 10.992546 0.000000 7.606834 99.992249 0.036791 0.087279 0.000154 
433 8.368478 0.000000 10.125555 99.989271 0.024809 0.047259 0.000214 
434 1.808307 0.000000 -3.727412 100.126205 -0.057171 0.269687 -0.002533 
435 1.808307 0.000000 -4.986773 100.079132 -0.040685 0.141818 -0.001585 
436 3.120341 0.000000 -3.727412 100.080169 -0.066645 0.313504 -0.001614 
437 4.432375 0.000000 -3.727412 100.047624 -0.072453 0.326601 -0.000964 
438 4.432375 0.000000 -4.986773 100.040995 -0.051629 0.182300 -0.000824 
439 5.744410 0.000000 -3.727412 100.028669 -0.075916 0.328260 -0.000585 
440 -0.815761 0.000000 3.828752 99.861061 0.030022 0.077664 0.002776 
441 -2.127795 0.000000 3.828752 99.903698 0.019507 0.016551 0.001925 
442 -0.815761 0.000000 5.088112 99.916894 0.024716 0.054630 0.001661 
443 -3.439829 0.000000 3.828752 99.940798 0.012711 -0.006965 0.001184 
444 -4.751863 0.000000 3.828752 99.964168 0.008586 -0.012854 0.000716 
445 -3.439829 0.000000 5.088112 99.952481 0.012913 0.003553 0.000950 
446 -1.471778 0.000000 -1.838371 100.392997 -0.041690 -0.134686 -0.007877 
447 -2.127795 0.000000 -1.838371 100.149062 -0.016723 -0.064900 -0.002984 
448 -1.471778 0.000000 -2.468051 100.201379 -0.025851 0.008597 -0.004032 
449 4.432375 0.000000 3.828752 99.951420 0.070795 0.322418 0.000960 
450 5.744410 0.000000 3.828752 99.970351 0.074232 0.325133 0.000582 
451 4.432375 0.000000 5.088112 99.958864 0.050701 0.179906 0.000819 
452 1.152290 0.000000 -1.838371 100.583292 -0.158849 1.130263 -0.011830 
453 1.152290 0.000000 -2.468051 100.317640 -0.093332 0.562854 -0.006395 
454 1.808307 0.000000 -1.838371 100.420080 -0.158569 1.287420 -0.008588 
455 2.464324 0.000000 -1.838371 100.164752 -0.136356 1.151938 -0.003432 
456 2.464324 0.000000 -2.468051 100.147749 -0.100207 0.682070 -0.003005 
457 3.120341 0.000000 -1.838371 100.100089 -0.142572 1.152113 -0.002138 
458 -0.159744 0.000000 1.939711 99.277448 0.118829 0.381051 0.014383 
459 -0.815761 0.000000 1.939711 99.454899 0.083091 0.074928 0.010871 
460 -0.159744 0.000000 2.569391 99.605158 0.058981 0.231362 0.007876 
461 -1.471778 0.000000 1.939711 99.574371 0.042856 -0.128319 0.008493 
462 -2.127795 0.000000 1.939711 99.841462 0.018333 -0.049055 0.003168 
463 -1.471778 0.000000 2.569391 99.802552 0.026977 0.025158 0.003945 
464 -0.487753 0.000000 -0.893851 100.471083 -0.053891 0.261096 -0.009451 
465 -0.815761 0.000000 -0.893851 100.631873 -0.128108 -0.118901 -0.012680 
466 -0.487753 0.000000 -1.208691 100.878554 -0.175859 0.185364 -0.017655 
467 2.464324 0.000000 1.939711 99.827613 0.131004 1.132297 0.003315 
468 3.120341 0.000000 1.939711 99.892622 0.136942 1.139711 0.002015 
469 2.464324 0.000000 2.569391 99.850548 0.097090 0.667322 0.002941 
470 0.824282 0.000000 -0.893851 100.763406 -0.214202 2.492029 -0.015952 
471 0.824282 0.000000 -1.208691 100.920064 -0.285663 1.982426 -0.018887 
472 1.152290 0.000000 -0.893851 100.707110 -0.327646 3.221699 -0.015241 
473 1.480299 0.000000 -0.893851 100.397431 -0.305714 3.162923 -0.008974 
474 1.480299 0.000000 -1.208691 100.511442 -0.251015 2.272011 -0.010778 
475 1.808307 0.000000 -0.893851 100.304899 -0.282735 3.228228 -0.007157 
476 0.168265 0.000000 0.995190 98.126821 0.167477 1.367027 0.036923 
477 -0.159744 0.000000 0.995190 98.463842 0.120097 0.560841 0.030454 
478 0.168265 0.000000 1.310030 98.935053 0.351856 1.059026 0.021061 
479 -0.487753 0.000000 0.995190 98.986152 0.161668 0.178543 0.020168 
480 -0.815761 0.000000 0.995190 99.261729 0.153325 -0.036529 0.014708 
481 -0.487753 0.000000 1.310030 99.167468 0.189101 0.282059 0.016570 
482 0.332269 0.000000 -0.421590 104.760974 0.022738 4.503543 -0.099514 
483 0.332269 0.000000 -0.579011 103.549122 -0.236149 3.175412 -0.073256 
484 0.496273 0.000000 -0.421590 103.566145 -0.233641 5.769975 -0.075929 
485 -0.323748 0.000000 -0.421590 102.001380 -0.096604 -1.249781 -0.040585 
486 -0.487753 0.000000 -0.421590 101.230574 -0.021068 -1.120463 -0.024889 
487 -0.323748 0.000000 -0.579011 101.916690 -0.075782 -0.605838 -0.038738 
488 1.480299 0.000000 0.995190 99.494029 0.285004 3.215322 0.009052 
489 1.808307 0.000000 0.995190 99.494036 0.248109 3.504879 0.008859 
490 1.480299 0.000000 1.310030 99.520417 0.243663 2.163545 0.009095 
491 0.660277 0.000000 -0.421590 102.413576 -0.400939 6.298536 -0.052837 
492 0.660277 0.000000 -0.579011 102.152814 -0.296648 4.765405 -0.045799 
493 0.824282 0.000000 -0.421590 101.652864 -0.388770 6.509494 -0.037583 
494 0.988286 0.000000 -0.421590 100.978823 -0.418834 6.227957 -0.023569 
495 0.988286 0.000000 -0.579011 101.014742 -0.187807 4.931966 -0.022834 
496 1.152290 0.000000 -0.421590 100.307096 -0.347500 5.083610 -0.008748 
497 0.250267 0.000000 -0.185460 109.289685 0.521730 7.816894 -0.200561 
498 0.250267 0.000000 -0.264170 107.749484 0.460820 5.596507 -0.164148 
499 0.332269 0.000000 -0.185460 107.369956 0.304149 8.955552 -0.160860 
500 0.414271 0.000000 -0.185460 105.893902 0.115192 9.546646 -0.130467 
501 0.414271 0.000000 -0.264170 105.449056 0.245148 7.787492 -0.118021 
502 0.496273 0.000000 -0.185460 104.487260 0.257116 9.842623 -0.101453 
503 0.127263 0.000000 -0.067395 99.194468 2.436275 1.603711 0.015195 
504 0.127263 0.000000 -0.106750 97.526771 2.173122 2.162140 0.047913 
505 0.168265 0.000000 -0.067395 103.570735 2.873605 1.722409 -0.073812 
506 0.660277 0.000000 0.522930 97.457462 0.364135 5.848136 0.046771 
507 0.496273 0.000000 0.522930 96.660977 0.300199 5.207185 0.062945 
508 0.660277 0.000000 0.680350 97.716376 0.205539 4.509402 0.043113 
509 0.127263 0.000000 0.090025 99.302953 2.407125 1.397809 0.013118 
510 0.127263 0.000000 0.129380 97.400073 2.157960 1.055655 0.050745 
511 -0.036741 0.000000 0.090025 90.904447 2.033050 -1.365730 0.173038 
512 -0.077742 0.000000 0.090025 86.273896 2.073746 -4.012243 0.253642 
513 -0.036741 0.000000 0.129380 89.075764 2.058421 -2.949872 0.205257 
514 -0.016240 0.000000 0.030992 93.431503 1.939298 -0.226617 0.126674 
515 -0.036741 0.000000 0.030992 92.248787 2.010661 -0.815616 0.148545 
516 -0.016240 0.000000 0.050670 93.431503 1.939298 -0.226617 0.126674 
517 -0.016240 0.000000 -0.047718 93.416020 1.983580 -0.274744 0.126944 
518 -0.036741 0.000000 -0.047718 92.248787 2.010661 -0.815616 0.148545 
519 -0.016240 0.000000 -0.067395 93.416020 1.983580 -0.274744 0.126944 
520 0.209266 0.000000 0.011315 97.941201 2.310884 -4.920819 0.037797 
521 0.209266 0.000000 -0.028040 95.416611 2.661686 -4.615695 0.086728 
522 0.291268 0.000000 0.090025 99.912810 1.064596 -0.703494 0.001580 
523 0.332269 0.000000 0.090025 104.017067 0.936840 10.866108 -0.093850 
524 0.291268 0.000000 0.129380 98.077725 2.190194 6.190816 0.033764 
525 0.578275 0.000000 -0.185460 103.214989 0.077141 9.803548 -0.074945 
526 0.578275 0.000000 -0.264170 103.313476 -0.008647 8.410883 -0.074442 
527 0.660277 0.000000 -0.185460 102.180198 -0.179227 9.536214 -0.053176 
528 0.742279 0.000000 -0.185460 101.433813 -0.245457 9.128069 -0.037220 
529 0.742279 0.000000 -0.264170 101.785671 -0.343047 8.191350 -0.042754 
530 0.824282 0.000000 -0.185460 100.935380 -0.322412 8.689866 -0.026357 
531 0.742279 0.000000 0.286800 97.588563 0.476190 8.906830 0.039691 
532 0.660277 0.000000 0.286800 97.128419 0.464357 8.882755 0.048695 
533 0.742279 0.000000 0.365510 97.598068 0.412786 7.917307 0.041176 
534 0.578275 0.000000 0.286800 96.525432 0.498550 8.890243 0.060356 
535 0.496273 0.000000 0.286800 95.666206 0.525514 8.866770 0.076908 
536 0.578275 0.000000 0.365510 96.558967 0.353074 7.631014 0.061801 
537 0.619276 0.000000 0.011315 103.528660 2.031971 18.440426 -0.106236 
538 0.619276 0.000000 -0.028040 104.279659 1.712940 19.826321 -0.127026 
539 0.660277 0.000000 0.011315 105.799860 1.013585 19.501744 -0.157496 
540 0.537274 0.000000 0.090025 98.270483 5.969139 18.317943 -0.002827 
541 0.496273 0.000000 0.090025 97.774469 4.954685 19.815808 0.002294 
542 0.537274 0.000000 0.129380 98.425383 6.254167 17.558172 -0.003496 
543 1.316294 0.000000 0.522930 99.230106 0.307239 6.483745 0.011125 
544 1.480299 0.000000 0.522930 99.523463 0.357433 6.302839 0.005523 
545 1.316294 0.000000 0.680350 99.320134 0.348079 5.045535 0.010993 
546 1.316294 0.000000 -0.421590 100.530125 -0.388246 6.039981 -0.014294 
547 1.316294 0.000000 -0.579011 100.573341 -0.364140 4.902807 -0.013917 
548 1.480299 0.000000 -0.421590 100.292566 -0.396010 5.742176 -0.009173 
549 0.906284 0.000000 -0.185460 100.548076 -0.467281 8.182606 -0.017709 
550 0.906284 0.000000 -0.264170 100.865707 -0.441429 7.593810 -0.023175 
551 0.988286 0.000000 -0.185460 100.452964 -0.417771 8.105985 -0.015668 
552 1.070288 0.000000 -0.185460 100.314906 -0.449849 7.816340 -0.012438 
553 1.070288 0.000000 -0.264170 100.548527 -0.457936 7.401764 -0.016500 
554 1.152290 0.000000 -0.185460 100.204124 -0.407266 7.414092 -0.009600 
555 0.701278 0.000000 0.011315 107.113985 0.685775 20.244730 -0.188373 
556 0.701278 0.000000 -0.028040 99.999776 0.156146 12.299082 -0.015125 
557 0.742279 0.000000 0.011315 108.312890 0.448823 21.561262 -0.219677 
558 0.865283 0.000000 0.168735 113.290218 0.470461 5.381253 -0.286385 
559 0.824282 0.000000 0.168735 111.861771 0.525673 5.931105 -0.254851 
560 0.865283 0.000000 0.208090 98.082927 0.559540 9.311691 0.029272 
561 0.926784 0.000000 0.149057 115.008051 0.424023 10.592762 -0.333924 
562 0.906284 0.000000 0.149057 113.979823 0.307674 13.032167 -0.316133 
563 0.926784 0.000000 0.168735 115.217980 0.584817 2.014589 -0.327958 
564 0.332269 0.000000 0.522930 96.096785 0.210420 4.057827 0.074890 
565 0.168265 0.000000 0.522930 95.889535 0.178622 2.539758 0.079871 
566 0.332269 0.000000 0.680350 97.120402 0.238242 3.011094 0.055850 
567 0.004260 0.000000 0.522930 96.261072 0.175779 1.067041 0.073264 
568 -0.159744 0.000000 0.522930 97.230659 0.257652 0.296061 0.054604 
569 0.004260 0.000000 0.680350 97.376392 0.342930 1.251653 0.051615 
570 -0.323748 0.000000 0.522930 97.875415 0.167692 -0.353193 0.042025 
571 -0.487753 0.000000 0.522930 98.486670 0.087226 -0.613377 0.029999 
572 -0.323748 0.000000 0.680350 98.087356 0.125040 -0.100177 0.037885 
573 0.414271 0.000000 0.286800 94.513747 0.700448 8.466837 0.099497 
574 0.332269 0.000000 0.286800 93.187905 0.707258 7.508290 0.125914 
575 0.414271 0.000000 0.365510 95.091653 0.266669 6.763000 0.091177 
576 0.250267 0.000000 0.286800 92.309311 0.658024 5.716495 0.144588 
577 0.168265 0.000000 0.286800 92.235891 0.481720 3.608192 0.147929 
578 0.250267 0.000000 0.365510 93.873031 0.120148 4.612422 0.116657 
579 0.209266 0.000000 -0.067395 103.949611 2.860929 1.913710 -0.081737 
580 0.209266 0.000000 -0.106750 105.537802 2.940220 0.407122 -0.114704 
581 0.250267 0.000000 -0.067395 113.849076 3.100767 2.617370 -0.297808 
582 0.291268 0.000000 -0.067395 112.389953 3.274188 3.865348 -0.265716 
583 0.291268 0.000000 -0.106750 112.470535 3.342914 4.174463 -0.267822 
584 0.332269 0.000000 -0.067395 112.433981 3.328005 4.503534 -0.267276 
585 0.783281 0.000000 0.168735 110.672126 0.759779 5.938427 -0.228416 
586 0.742279 0.000000 0.168735 110.309410 0.767953 6.763359 -0.221450 
587 0.783281 0.000000 0.208090 97.849875 0.600500 9.351848 0.033758 
588 0.701278 0.000000 0.168735 108.789258 1.486450 7.432099 -0.189255 
589 0.660277 0.000000 0.168735 109.170880 2.419759 7.218125 -0.197624 
590 0.701278 0.000000 0.208090 97.519091 0.619301 9.412730 0.040104 
591 0.783281 0.000000 0.011315 108.755751 0.316710 21.577542 -0.229350 
592 0.783281 0.000000 -0.028040 99.632823 0.028619 10.982041 -0.004731 
593 0.824282 0.000000 0.011315 99.054177 0.132948 11.495872 0.005610 
594 0.865283 0.000000 0.011315 98.965358 0.094267 10.774524 0.008976 
595 0.865283 0.000000 -0.028040 99.489872 -0.052082 9.962802 0.000251 
596 0.906284 0.000000 0.011315 99.002211 0.080164 10.322582 0.009200 
597 0.086262 0.000000 0.286800 92.864649 0.205362 1.891234 0.137254 
598 0.004260 0.000000 0.286800 93.761468 0.232846 0.368647 0.120860 
599 0.086262 0.000000 0.365510 94.221108 0.096109 1.931334 0.111864 
600 -0.077742 0.000000 0.286800 94.886226 0.155719 -0.670341 0.099613 
601 -0.159744 0.000000 0.286800 96.029361 0.222773 -1.242699 0.077677 
602 -0.077742 0.000000 0.365510 95.591599 0.147457 -0.078387 0.086222 
603 0.619276 0.000000 0.168735 109.974801 5.906041 21.465093 -0.259009 
604 0.578275 0.000000 0.168735 105.734701 7.177129 20.895603 -0.166796 
605 0.619276 0.000000 0.208090 97.183104 0.693615 9.666867 0.046151 
606 0.537274 0.000000 0.168735 102.723986 6.260858 22.056117 -0.107789 
607 0.496273 0.000000 0.168735 100.098989 4.884293 21.619931 -0.051109 
608 0.537274 0.000000 0.208090 104.265341 6.905400 21.628874 -0.138675 
609 0.947285 0.000000 0.011315 99.031780 0.012557 9.623095 0.010010 
610 0.947285 0.000000 -0.028040 99.457163 -0.146192 9.048890 0.002637 
611 0.988286 0.000000 0.011315 99.111907 -0.025798 9.093582 0.009414 
612 1.029287 0.000000 0.011315 99.266801 -0.020330 9.000572 0.006509 
613 1.029287 0.000000 -0.028040 99.566332 -0.170392 8.599703 0.001256 
614 1.070288 0.000000 0.011315 99.411546 -0.020034 8.886143 0.003838 
1 11 78 76 77 
2 78 10 24 76 
3 76 24 14 79 
4 77 76 79 6 
5 24 82 80 81 
6 82 23 40 80 
7 80 40 27 83 
8 81 80 83 14 
9 40 86 84 85 
10 86 39 56 84 
11 84 56 43 87 
12 85 84 87 27 
13 56 90 88 89 
14 89 88 91 43 
15 6 79 112 113 
16 79 14 36 112 
17 112 36 19 114 
18 113 112 114 20 
19 14 83 115 116 
20 83 27 52 115 
21 115 52 35 117 
22 116 115 117 36 
23 27 87 118 119 
24 87 43 68 118 
25 118 68 51 120 
26 119 118 120 52 
27 43 91 121 122 
28 122 121 123 68 
29 88 135 133 134 
30 135 72 100 133 
31 133 100 59 136 
32 134 133 136 91 
33 100 139 137 138 
34 138 137 140 59 
35 147 149 126 150 
36 148 147 150 124 
37 153 128 154 151 
38 151 154 132 155 
39 91 136 156 157 
40 136 59 125 156 
41 156 125 96 158 
42 157 156 158 121 
43 59 140 159 160 
44 159 148 124 161 
45 160 159 161 125 
46 137 164 162 163 
47 163 162 165 140 
48 12 168 166 167 
49 168 7 169 166 
50 166 169 13 25 
51 167 166 25 10 
52 25 172 170 171 
53 172 13 173 170 
54 170 173 26 41 
55 171 170 41 23 
56 41 176 174 175 
57 176 26 177 174 
58 174 177 42 57 
59 175 174 57 39 
60 57 180 178 179 
61 180 42 181 178 
62 178 181 58 73 
63 179 178 73 55 
64 55 184 182 183 
65 184 73 185 182 
66 182 185 71 101 
67 183 182 101 72 
68 101 188 186 187 
69 188 71 189 186 
70 186 189 102 130 
71 187 186 130 99 
72 99 192 190 191 
73 192 130 193 190 
74 190 193 128 153 
75 196 153 197 194 
76 194 197 151 198 
77 195 194 198 152 
78 72 201 199 200 
79 201 101 187 199 
80 199 187 99 139 
81 200 199 139 100 
82 139 204 202 203 
83 204 99 191 202 
84 203 202 164 137 
85 164 207 205 206 
86 207 129 195 205 
87 205 195 152 208 
88 206 205 208 162 
89 191 211 209 210 
90 211 190 212 209 
91 209 212 153 196 
92 210 209 196 129 
93 129 215 213 214 
94 215 196 216 213 
95 213 216 194 217 
96 214 213 217 195 
97 103 155 218 219 
98 155 132 220 218 
99 218 220 147 221 
100 219 218 221 148 
101 152 198 222 223 
102 198 151 224 222 
103 222 224 155 225 
104 223 222 225 103 
105 128 231 230 154 
106 231 131 232 230 
107 230 232 75 233 
108 154 230 233 132 
109 234 235 144 236 
110 149 234 236 126 
111 75 239 237 238 
112 239 229 240 237 
113 237 240 234 241 
114 238 237 241 149 
115 108 247 246 228 
116 247 110 248 246 
117 246 248 5 249 
118 228 246 249 111 
119 226 252 250 251 
120 252 228 253 250 
121 250 253 111 254 
122 251 250 254 229 
123 111 249 258 235 
124 249 5 259 258 
125 258 259 145 260 
126 235 258 260 144 
127 110 262 261 248 
128 262 242 263 261 
129 248 270 268 269 
130 270 261 271 268 
131 268 271 264 272 
132 269 268 272 5 
133 18 274 273 45 
134 274 8 275 273 
135 273 275 29 276 
136 45 273 276 28 
137 34 278 277 61 
138 278 18 279 277 
139 277 279 45 280 
140 61 277 280 44 
141 50 282 281 93 
142 282 34 283 281 
143 281 283 61 284 
144 93 281 284 60 
145 286 50 287 285 
146 285 287 93 288 
147 264 299 297 298 
148 299 245 300 297 
149 297 300 266 301 
150 298 297 301 265 
151 15 303 302 33 
152 303 17 304 302 
153 302 304 8 274 
154 33 302 274 18 
155 31 306 305 49 
156 306 33 307 305 
157 305 307 18 278 
158 49 305 278 34 
159 47 309 308 65 
160 309 49 310 308 
161 308 310 34 282 
162 65 308 282 50 
163 312 65 313 311 
164 311 313 50 286 
165 242 318 317 263 
166 318 244 319 317 
167 245 321 320 300 
168 321 294 322 320 
169 320 322 293 323 
170 300 320 323 266 
171 294 329 328 322 
172 329 107 330 328 
173 328 330 295 331 
174 322 328 331 293 
175 244 333 332 319 
176 333 314 334 332 
177 107 336 335 330 
178 336 325 337 335 
179 335 337 324 338 
180 330 335 338 295 
181 66 340 339 291 
182 340 286 341 339 
183 339 341 285 342 
184 291 339 342 142 
185 344 66 345 343 
186 343 345 291 346 
187 325 348 347 337 
188 348 290 349 347 
189 21 46 351 352 
190 46 28 353 351 
191 351 353 30 354 
192 352 351 354 9 
193 37 62 355 356 
194 62 44 357 355 
195 355 357 46 358 
196 356 355 358 21 
197 53 94 359 360 
198 94 60 361 359 
199 359 361 62 362 
200 360 359 362 37 
201 69 143 363 364 
202 143 92 365 363 
203 363 365 94 366 
204 364 363 366 53 
205 141 292 367 368 
206 292 142 369 367 
207 367 369 92 370 
208 368 367 370 143 
209 256 327 371 372 
210 327 289 373 371 
211 371 373 292 374 
212 372 371 374 141 
213 375 377 289 378 
214 376 375 378 327 
215 337 381 379 380 
216 381 347 382 379 
217 379 382 350 383 
218 380 379 383 324 
219 106 385 384 316 
220 385 311 386 384 
221 384 386 286 340 
222 316 384 340 66 
223 314 388 387 334 
224 388 316 389 387 
225 387 389 66 344 
226 290 391 390 349 
227 391 344 392 390 
228 390 392 343 393 
229 349 390 393 326 
230 347 395 394 382 
231 395 349 396 394 
232 394 396 326 397 
233 289 346 398 373 
234 346 291 399 398 
235 398 399 142 400 
236 373 398 400 292 
237 326 393 401 377 
238 393 343 402 401 
239 401 402 346 403 
240 377 401 403 289 
241 350 397 404 405 
242 397 326 406 404 
243 404 406 377 407 
244 405 404 407 375 
245 382 410 408 409 
246 410 394 411 408 
247 408 411 397 412 
248 409 408 412 350 
249 1 415 413 414 
250 415 12 167 413 
251 413 167 10 78 
252 414 413 78 11 
253 7 417 416 169 
254 417 16 418 416 
255 416 418 15 32 
256 169 416 32 13 
257 16 420 419 418 
258 420 2 421 419 
259 419 421 17 303 
260 418 419 303 15 
261 19 38 422 423 
262 38 21 352 422 
263 422 352 9 424 
264 423 422 424 22 
265 20 114 425 426 
266 114 19 423 425 
267 425 423 22 427 
268 426 425 427 4 
269 10 430 428 429 
270 430 25 171 428 
271 428 171 23 82 
272 429 428 82 24 
273 28 276 431 353 
274 276 29 432 431 
275 431 432 3 433 
276 353 431 433 30 
277 13 435 434 173 
278 435 32 436 434 
279 434 436 31 48 
280 173 434 48 26 
281 32 438 437 436 
282 438 15 439 437 
283 437 439 33 306 
284 436 437 306 31 
285 35 54 440 441 
286 54 37 356 440 
287 440 356 21 442 
288 441 440 442 38 
289 36 117 443 444 
290 117 35 441 443 
291 443 441 38 445 
292 444 443 445 19 
293 23 448 446 447 
294 448 41 175 446 
295 446 175 39 86 
296 447 446 86 40 
297 44 280 449 357 
298 280 45 450 449 
299 449 450 28 451 
300 357 449 451 46 
301 26 453 452 177 
302 453 48 454 452 
303 452 454 47 64 
304 177 452 64 42 
305 48 456 455 454 
306 456 31 457 455 
307 455 457 49 309 
308 454 455 309 47 
309 51 70 458 459 
310 70 53 360 458 
311 458 360 37 460 
312 459 458 460 54 
313 52 120 461 462 
314 120 51 459 461 
315 461 459 54 463 
316 462 461 463 35 
317 39 466 464 465 
318 466 57 179 464 
319 464 179 55 90 
320 465 464 90 56 
321 60 284 467 361 
322 284 61 468 467 
323 467 468 44 469 
324 361 467 469 62 
325 42 471 470 181 
326 471 64 472 470 
327 470 472 63 105 
328 181 470 105 58 
329 64 474 473 472 
330 474 47 475 473 
331 473 475 65 312 
332 472 473 312 63 
333 67 98 476 477 
334 98 69 364 476 
335 476 364 53 478 
336 477 476 478 70 
337 68 123 479 480 
338 123 67 477 479 
339 479 477 70 481 
340 480 479 481 51 
341 73 483 482 185 
342 483 58 484 482 
343 482 484 74 109 
344 185 482 109 71 
345 90 487 485 486 
346 487 55 183 485 
347 485 183 72 135 
348 486 485 135 88 
349 92 288 488 365 
350 288 93 489 488 
351 488 489 60 490 
352 365 488 490 94 
353 58 492 491 484 
354 492 105 493 491 
355 491 493 104 243 
356 484 491 243 74 
357 105 495 494 493 
358 495 63 496 494 
359 494 496 106 315 
360 493 494 315 104 
361 71 498 497 189 
362 498 109 499 497 
363 497 499 108 227 
364 189 497 227 102 
365 109 501 500 499 
366 501 74 502 500 
367 500 502 110 247 
368 499 500 247 108 
369 130 504 503 193 
370 504 102 505 503 
371 503 505 131 231 
372 193 503 231 128 
373 97 257 506 507 
374 257 141 368 506 
375 506 368 143 508 
376 507 506 508 69 
377 132 233 509 220 
378 233 75 238 509 
379 509 238 149 510 
380 220 509 510 147 
381 140 165 511 512 
382 165 103 219 511 
383 511 219 148 513 
384 512 511 513 159 
385 162 208 514 515 
386 208 152 223 514 
387 514 223 103 516 
388 515 514 516 165 
389 202 519 517 518 
390 519 191 210 517 
391 517 210 129 207 
392 518 517 207 164 
393 131 521 520 232 
394 521 226 251 520 
395 520 251 229 239 
396 232 520 239 75 
397 229 254 522 240 
398 254 111 523 522 
399 522 523 235 524 
400 240 522 524 234 
401 74 526 525 502 
402 526 243 527 525 
403 525 527 242 262 
404 502 525 262 110 
405 243 529 528 527 
406 529 104 530 528 
407 528 530 244 318 
408 527 528 318 242 
409 255 296 531 532 
410 296 256 372 531 
411 531 372 141 533 
412 532 531 533 257 
413 145 267 534 535 
414 267 255 532 534 
415 534 532 257 536 
416 535 534 536 97 
417 261 538 537 271 
418 538 263 539 537 
419 537 539 245 299 
420 271 537 299 264 
421 5 272 540 541 
422 272 264 298 540 
423 540 298 265 542 
424 541 540 542 259 
425 142 342 543 369 
426 342 285 544 543 
427 543 544 288 545 
428 369 543 545 92 
429 63 547 546 496 
430 547 312 548 546 
431 546 548 311 385 
432 496 546 385 106 
433 104 550 549 530 
434 550 315 551 549 
435 549 551 314 333 
436 530 549 333 244 
437 315 553 552 551 
438 553 106 554 552 
439 552 554 316 388 
440 551 552 388 314 
441 263 556 555 539 
442 556 317 557 555 
443 555 557 294 321 
444 539 555 321 245 
445 295 338 558 559 
446 338 324 376 558 
447 558 376 327 560 
448 559 558 560 256 
449 324 383 561 562 
450 383 350 405 561 
451 561 405 375 563 
452 562 561 563 376 
453 95 146 564 565 
454 146 97 507 564 
455 564 507 69 566 
456 565 564 566 98 
457 96 127 567 568 
458 127 95 565 567 
459 567 565 98 569 
460 568 567 569 67 
461 121 158 570 571 
462 158 96 568 570 
463 570 568 67 572 
464 571 570 572 123 
465 144 260 573 574 
466 260 145 535 573 
467 573 535 97 575 
468 574 573 575 146 
469 126 236 576 577 
470 236 144 574 576 
471 576 574 146 578 
472 577 576 578 95 
473 102 580 579 505 
474 580 227 581 579 
475 579 581 226 521 
476 505 579 521 131 
477 227 583 582 581 
478 583 108 584 582 
479 582 584 228 252 
480 581 582 252 226 
481 293 331 585 586 
482 331 295 559 585 
483 585 559 256 587 
484 586 585 587 296 
485 266 323 588 589 
486 323 293 586 588 
487 588 586 296 590 
488 589 588 590 255 
489 317 592 591 557 
490 592 319 593 591 
491 591 593 107 329 
492 557 591 329 294 
493 319 595 594 593 
494 595 332 596 594 
495 594 596 325 336 
496 593 594 336 107 
497 124 150 597 598 
498 150 126 577 597 
499 597 577 95 599 
500 598 597 599 127 
501 125 161 600 601 
502 161 124 598 600 
503 600 598 127 602 
504 601 600 602 96 
505 265 301 603 604 
506 301 266 589 603 
507 603 589 255 605 
508 604 603 605 267 
509 259 542 606 607 
510 542 265 604 606 
511 606 604 267 608 
512 607 606 608 145 
513 332 610 609 596 
514 610 334 611 609 
515 609 611 290 348 
516 596 609 348 325 
517 334 613 612 611 
518 613 387 614 612 
519 612 614 344 391 
520 611 612 391 290 
