0.99756405,-0.06975647,0.0
0.99732476,-0.06968060,0.0
0.99660782,-0.06945403,0.0
0.99541322,-0.06907678,0.0
0.99374290,-0.06854999,0.0
0.99159771,-0.06787570,0.0
0.98897865,-0.06705400,0.0
0.98588943,-0.06608916,0.0
0.98233290,-0.06498338,0.0
0.97830993,-0.06373871,0.0
0.97382727,-0.06235866,0.0
0.96888567,-0.06084727,0.0
0.96349181,-0.05920902,0.0
0.95764947,-0.05744719,0.0
0.95136338,-0.05556611,0.0
0.94464008,-0.05357226,0.0
0.93748530,-0.05147005,0.0
0.92990565,-0.04926495,0.0
0.92190679,-0.04696236,0.0
0.91349726,-0.04456892,0.0
0.90468378,-0.04208908,0.0
0.89547383,-0.03953039,0.0
0.88587704,-0.03689854,0.0
0.87590204,-0.03419915,0.0
0.86555825,-0.03144088,0.0
0.85485330,-0.02862929,0.0
0.84379881,-0.02577020,0.0
0.83240520,-0.02287237,0.0
0.82068117,-0.01994040,0.0
0.80864011,-0.01698325,0.0
0.79629174,-0.01400562,0.0
0.78364754,-0.01101532,0.0
0.77072004,-0.00801925,0.0
0.75752088,-0.00502322,0.0
0.74406360,-0.00203421,0.0
0.73035969,0.00093997,0.0
0.71642389,0.00389528,0.0
0.70226770,0.00682390,0.0
0.68790672,0.00971973,0.0
0.67335258,0.01257694,0.0
0.65862095,0.01539042,0.0
0.64372539,0.01815321,0.0
0.62868057,0.02086027,0.0
0.61350226,0.02350751,0.0
0.59820293,0.02608702,0.0
0.58279947,0.02859662,0.0
0.56730649,0.03103029,0.0
0.55173968,0.03338290,0.0
0.53611386,0.03565143,0.0
0.52044479,0.03783176,0.0
0.50474820,0.03991979,0.0
0.48903987,0.04191140,0.0
0.47333467,0.04380455,0.0
0.45765043,0.04559599,0.0
0.44200097,0.04728275,0.0
0.42640318,0.04886264,0.0
0.41087196,0.05033363,0.0
0.39533144,0.05168598,0.0
0.37982019,0.05285483,0.0
0.36441660,0.05382871,0.0
0.34913798,0.05461140,0.0
0.33400036,0.05520278,0.0
0.31902097,0.05560567,0.0
0.30421621,0.05582494,0.0
0.28960229,0.05586345,0.0
0.27519462,0.05572614,0.0
0.26101056,0.05541782,0.0
0.24706457,0.05494449,0.0
0.23337217,0.05431308,0.0
0.21994875,0.05352854,0.0
0.20680896,0.05259987,0.0
0.19396733,0.05153406,0.0
0.18143838,0.05033812,0.0
0.16923586,0.04902212,0.0
0.15737228,0.04759320,0.0
0.14586040,0.04606150,0.0
0.13471479,0.04443501,0.0
0.12394514,0.04272310,0.0
0.11356325,0.04093695,0.0
0.10358166,0.03908371,0.0
0.09400919,0.03717481,0.0
0.08485642,0.03521851,0.0
0.07613306,0.03322416,0.0
0.06784783,0.03120218,0.0
0.06000935,0.02916099,0.0
0.05262523,0.02710909,0.0
0.04570215,0.02505601,0.0
0.03924865,0.02300920,0.0
0.03326842,0.02097841,0.0
0.02776886,0.01896915,0.0
0.02275353,0.01698918,0.0
0.01822890,0.01504507,0.0
0.01419744,0.01314365,0.0
0.01066257,0.01129072,0.0
0.00762757,0.00949004,0.0
0.00509478,0.00774648,0.0
0.00306547,0.00606394,0.0
0.00154091,0.00444634,0.0
0.00052226,0.00289562,0.0
0.00000858,0.00141284,0.0
0.00000000,0.00000000,0.0
0.00049280,-0.00132460,0.0
0.00148132,-0.00254152,0.0
0.00296343,-0.00365262,0.0
0.00493712,-0.00465774,0.0
0.00740027,-0.00555876,0.0
0.01034675,-0.00635724,0.0
0.01377542,-0.00705511,0.0
0.01768016,-0.00765395,0.0
0.02205563,-0.00815840,0.0
0.02689770,-0.00857016,0.0
0.03219904,-0.00889376,0.0
0.03795545,-0.00913188,0.0
0.04415753,-0.00928990,0.0
0.05080003,-0.00937146,0.0
0.05787453,-0.00938198,0.0
0.06537270,-0.00932589,0.0
0.07328816,-0.00920876,0.0
0.08161035,-0.00903787,0.0
0.09033102,-0.00881665,0.0
0.09944164,-0.00855253,0.0
0.10893174,-0.00825179,0.0
0.11879277,-0.00792186,0.0
0.12901236,-0.00756788,0.0
0.13958289,-0.00719834,0.0
0.15049189,-0.00681940,0.0
0.16172892,-0.00643732,0.0
0.17328329,-0.00606140,0.0
0.18514454,-0.00569791,0.0
0.19730014,-0.00535400,0.0
0.20973849,-0.00503789,0.0
0.22244820,-0.00475478,0.0
0.23541652,-0.00451482,0.0
0.24863315,-0.00432230,0.0
0.26208341,-0.00418621,0.0
0.27575683,-0.00411284,0.0
0.28963997,-0.00410827,0.0
0.30371929,-0.00417957,0.0
0.31798234,-0.00433288,0.0
0.33241673,-0.00457336,0.0
0.34700793,-0.00490801,0.0
0.36174369,-0.00533997,0.0
0.37660949,-0.00587626,0.0
0.39159309,-0.00652004,0.0
0.40674242,-0.00727364,0.0
0.42207444,-0.00808111,0.0
0.43748404,-0.00892609,0.0
0.45295624,-0.00980752,0.0
0.46847581,-0.01072835,0.0
0.48402864,-0.01168961,0.0
0.49959778,-0.01269009,0.0
0.51516997,-0.01373289,0.0
0.53072933,-0.01481590,0.0
0.54625974,-0.01593998,0.0
0.56174819,-0.01710524,0.0
0.57717777,-0.01830949,0.0
0.59253438,-0.01955374,0.0
0.60780313,-0.02083596,0.0
0.62296706,-0.02215495,0.0
0.63801427,-0.02350889,0.0
0.65292787,-0.02489559,0.0
0.66769396,-0.02631307,0.0
0.68229772,-0.02775830,0.0
0.69672419,-0.02923023,0.0
0.71096067,-0.03072395,0.0
0.72499221,-0.03223843,0.0
0.73880504,-0.03376970,0.0
0.75238441,-0.03531371,0.0
0.76571857,-0.03686663,0.0
0.77879360,-0.03842650,0.0
0.79159577,-0.03998934,0.0
0.80411238,-0.04155026,0.0
0.81633266,-0.04310549,0.0
0.82824186,-0.04465100,0.0
0.83983021,-0.04618309,0.0
0.85108390,-0.04769880,0.0
0.86199428,-0.04919251,0.0
0.87254853,-0.05066132,0.0
0.88273596,-0.05210046,0.0
0.89254679,-0.05350626,0.0
0.90197027,-0.05487494,0.0
0.91099856,-0.05620396,0.0
0.91962102,-0.05748756,0.0
0.92782876,-0.05872411,0.0
0.93561413,-0.05990808,0.0
0.94296917,-0.06103889,0.0
0.94988623,-0.06211101,0.0
0.95635734,-0.06312388,0.0
0.96237586,-0.06407202,0.0
0.96793781,-0.06495516,0.0
0.97303447,-0.06576866,0.0
0.97766187,-0.06651227,0.0
0.98181616,-0.06718369,0.0
0.98549055,-0.06777945,0.0
0.98868405,-0.06829949,0.0
0.99139175,-0.06874245,0.0
0.99361079,-0.06910612,0.0
0.99533917,-0.06939038,0.0
0.99657504,-0.06959309,0.0
0.99731626,-0.06971609,0.0
0.99756405,-0.06975647,0.0
1.41698843,-0.49455922,0.0
1.41344474,-0.48797576,0.0
1.40985286,-0.48141879,0.0
1.40621304,-0.47488856,0.0
1.40252552,-0.46838532,0.0
1.39879056,-0.46190931,0.0
1.39500841,-0.45546077,0.0
1.39117931,-0.44903995,0.0
1.38730351,-0.44264709,0.0
1.38338127,-0.43628245,0.0
1.37941282,-0.42994625,0.0
1.37539842,-0.42363876,0.0
1.37133818,-0.41736035,0.0
1.36723206,-0.41111158,0.0
1.36307999,-0.40489304,0.0
1.35888189,-0.39870530,0.0
1.35463771,-0.39254895,0.0
1.35034737,-0.38642455,0.0
1.34601081,-0.38033270,0.0
1.34162796,-0.37427397,0.0
1.33719875,-0.36824893,0.0
1.33272312,-0.36225818,0.0
1.32820090,-0.35630239,0.0
1.32363169,-0.35038255,0.0
1.31901505,-0.34449970,0.0
1.31435052,-0.33865488,0.0
1.30963765,-0.33284912,0.0
1.30487600,-0.32708346,0.0
1.30006512,-0.32135893,0.0
1.29520456,-0.31567657,0.0
1.29029387,-0.31003742,0.0
1.28533261,-0.30444250,0.0
1.28032047,-0.29889282,0.0
1.27525751,-0.29338926,0.0
1.27014378,-0.28793270,0.0
1.26497938,-0.28252402,0.0
1.25976437,-0.27716409,0.0
1.25449884,-0.27185379,0.0
1.24918286,-0.26659400,0.0
1.24381652,-0.26138560,0.0
1.23839989,-0.25622947,0.0
1.23293304,-0.25112648,0.0
1.22741611,-0.24607758,0.0
1.22184923,-0.24108377,0.0
1.21623255,-0.23614603,0.0
1.21056623,-0.23126538,0.0
1.20485041,-0.22644279,0.0
1.19908525,-0.22167928,0.0
1.19327089,-0.21697585,0.0
1.18740748,-0.21233347,0.0
1.18149517,-0.20775317,0.0
1.17553414,-0.20323599,0.0
1.16952465,-0.19878321,0.0
1.16346697,-0.19439615,0.0
1.15736138,-0.19007612,0.0
1.15120816,-0.18582443,0.0
1.14500759,-0.18164241,0.0
1.13875994,-0.17753138,0.0
1.13246548,-0.17349263,0.0
1.12612451,-0.16952750,0.0
1.11973730,-0.16563727,0.0
1.11330437,-0.16182302,0.0
1.10682634,-0.15808568,0.0
1.10030385,-0.15442620,0.0
1.09373753,-0.15084552,0.0
1.08712800,-0.14734457,0.0
1.08047589,-0.14392429,0.0
1.07378185,-0.14058562,0.0
1.06704648,-0.13732950,0.0
1.06027044,-0.13415688,0.0
1.05345435,-0.13106934,0.0
1.04659889,-0.12806953,0.0
1.03970472,-0.12516017,0.0
1.03277250,-0.12234400,0.0
1.02580290,-0.11962375,0.0
1.01879660,-0.11700213,0.0
1.01175424,-0.11448190,0.0
1.00467650,-0.11206577,0.0
0.99756405,-0.10975647,0.0
0.99041758,-0.10755669,0.0
0.98323798,-0.10546867,0.0
0.97602624,-0.10349448,0.0
0.96878334,-0.10163621,0.0
0.96151027,-0.09989591,0.0
0.95420802,-0.09827706,0.0
0.94687761,-0.09679009,0.0
0.93952006,-0.09544755,0.0
0.93213641,-0.09426204,0.0
0.92472767,-0.09324612,0.0
0.91729564,-0.09241178,0.0
0.90984611,-0.09176772,0.0
0.90238619,-0.09132172,0.0
0.89491873,-0.09109016,0.0
0.88743914,-0.09110455,0.0
0.87994414,-0.09139904,0.0
0.87246634,-0.09202710,0.0
0.86506865,-0.09305858,0.0
0.85780649,-0.09456880,0.0
0.85061186,-0.09670498,0.0
0.84344853,-0.09968261,0.0
0.83695839,-0.10379400,0.0
0.83201374,-0.10935704,0.0
0.82939592,-0.11649590,0.0
0.82937690,-0.12425184,0.0
0.83203129,-0.13131320,0.0
0.83673062,-0.13716168,0.0
0.84230917,-0.14216358,0.0
0.84841369,-0.14650693,0.0
0.85484415,-0.15033664,0.0
0.86149013,-0.15376548,0.0
0.86828434,-0.15689012,0.0
0.87518008,-0.15978021,0.0
0.88215486,-0.16247337,0.0
0.88919001,-0.16500243,0.0
0.89627489,-0.16739042,0.0
0.90340051,-0.16965836,0.0
0.91055789,-0.17182727,0.0
0.91773806,-0.17391812,0.0
0.92493417,-0.17594807,0.0
0.93214351,-0.17792678,0.0
0.93936383,-0.17986305,0.0
0.94659288,-0.18176571,0.0
0.95382844,-0.18364353,0.0
0.96106854,-0.18550420,0.0
0.96831156,-0.18735390,0.0
0.97555595,-0.18919867,0.0
0.98280014,-0.19104458,0.0
0.99004254,-0.19289768,0.0
0.99728160,-0.19476402,0.0
1.00451575,-0.19664965,0.0
1.01174340,-0.19856064,0.0
1.01896300,-0.20050303,0.0
1.02617298,-0.20248279,0.0
1.03337184,-0.20450429,0.0
1.04055819,-0.20657068,0.0
1.04773059,-0.20868506,0.0
1.05488764,-0.21085052,0.0
1.06202791,-0.21307017,0.0
1.06914999,-0.21534711,0.0
1.07625247,-0.21768443,0.0
1.08333393,-0.22008524,0.0
1.09039295,-0.22255264,0.0
1.09742806,-0.22508955,0.0
1.10443755,-0.22769799,0.0
1.11141963,-0.23037972,0.0
1.11837249,-0.23313648,0.0
1.12529435,-0.23597004,0.0
1.13218340,-0.23888213,0.0
1.13903786,-0.24187451,0.0
1.14585592,-0.24494893,0.0
1.15263580,-0.24810714,0.0
1.15937569,-0.25135086,0.0
1.16607385,-0.25468112,0.0
1.17272855,-0.25809810,0.0
1.17933809,-0.26160198,0.0
1.18590076,-0.26519290,0.0
1.19241485,-0.26887102,0.0
1.19887865,-0.27263650,0.0
1.20529045,-0.27648949,0.0
1.21164853,-0.28043016,0.0
1.21795119,-0.28445865,0.0
1.22419694,-0.28857477,0.0
1.23038505,-0.29277721,0.0
1.23651491,-0.29706446,0.0
1.24258591,-0.30143498,0.0
1.24859746,-0.30588725,0.0
1.25454895,-0.31041974,0.0
1.26043978,-0.31503093,0.0
1.26626935,-0.31971928,0.0
1.27203706,-0.32448328,0.0
1.27774234,-0.32932139,0.0
1.28338489,-0.33423208,0.0
1.28896465,-0.33921379,0.0
1.29448151,-0.34426496,0.0
1.29993539,-0.34938406,0.0
1.30532621,-0.35456952,0.0
1.31065387,-0.35981979,0.0
1.31591829,-0.36513332,0.0
1.32111939,-0.37050856,0.0
1.32625708,-0.37594396,0.0
1.33133154,-0.38143786,0.0
1.33634382,-0.38698825,0.0
1.34129512,-0.39259310,0.0
1.34618661,-0.39825034,0.0
1.35101950,-0.40395793,0.0
1.35579498,-0.40971380,0.0
1.36051423,-0.41551591,0.0
1.36517846,-0.42136220,0.0
1.36978886,-0.42725062,0.0
1.37434660,-0.43317913,0.0
1.37885238,-0.43914624,0.0
1.38330582,-0.44515168,0.0
1.38770640,-0.45119532,0.0
1.39205364,-0.45727703,0.0
1.39634702,-0.46339666,0.0
1.40058604,-0.46955410,0.0
1.40477019,-0.47574921,0.0
1.40889898,-0.48198185,0.0
1.41297189,-0.48825190,0.0
1.41698843,-0.49455922,0.0
