-1.08333582e-19 3.22000000e-02
2.37894416e-03 2.04912332e-02
8.61718169e-03 1.20043099e-02
1.74438866e-02 6.23913262e-03
2.75910880e-02 2.69565115e-03
3.81369374e-02 8.79543435e-04
4.88321428e-02 3.07618136e-04
5.95246430e-02 5.39334328e-04
7.01730831e-02 1.36418136e-03
8.07744272e-02 2.65281978e-03
9.13268861e-02 4.30760532e-03
1.01829751e-01 6.25902316e-03
1.12283827e-01 8.44843496e-03
1.22693463e-01 1.08409300e-02
1.33063526e-01 1.34050791e-02
1.43398885e-01 1.61094529e-02
1.53704398e-01 1.89227682e-02
1.63984513e-01 2.18210383e-02
1.74243082e-01 2.47908177e-02
1.84483910e-01 2.78194839e-02
1.94710803e-01 3.08944139e-02
2.04927545e-01 3.40030618e-02
2.15137347e-01 3.71348024e-02
2.25342825e-01 4.02810213e-02
2.35546565e-01 4.34331988e-02
2.45751156e-01 4.65828154e-02
2.55959185e-01 4.97213515e-02
2.66173238e-01 5.28402877e-02
2.76395903e-01 5.59311043e-02
2.86629768e-01 5.89852817e-02
2.96877418e-01 6.19943004e-02
3.07141333e-01 6.49498456e-02
3.17422845e-01 6.78457490e-02
3.27722603e-01 7.06771239e-02
3.38041247e-01 7.34391007e-02
3.48379416e-01 7.61268098e-02
3.58737751e-01 7.87353816e-02
3.69116890e-01 8.12599466e-02
3.79517474e-01 8.36956351e-02
3.89940142e-01 8.60375776e-02
4.00385535e-01 8.82809045e-02
4.10853970e-01 9.04210277e-02
4.21344608e-01 9.24543675e-02
4.31856355e-01 9.43775695e-02
4.42388114e-01 9.61872797e-02
4.52938790e-01 9.78801438e-02
4.63507287e-01 9.94528077e-02
4.74092508e-01 1.00901917e-01
4.84693359e-01 1.02224118e-01
4.95308743e-01 1.03416056e-01
5.05937562e-01 1.04474420e-01
5.16578687e-01 1.05396642e-01
5.27230960e-01 1.06180799e-01
5.37893222e-01 1.06824984e-01
5.48564315e-01 1.07327294e-01
5.59243080e-01 1.07685824e-01
5.69928360e-01 1.07898669e-01
5.80618994e-01 1.07963924e-01
5.91313826e-01 1.07879686e-01
6.02011691e-01 1.07644053e-01
6.12710404e-01 1.07256490e-01
6.23405413e-01 1.06719598e-01
6.34091836e-01 1.06036423e-01
6.44764790e-01 1.05210008e-01
6.55419393e-01 1.04243398e-01
6.66050761e-01 1.03139639e-01
6.76654012e-01 1.01901773e-01
6.87224262e-01 1.00532846e-01
6.97756630e-01 9.90359024e-02
7.08247415e-01 9.74134062e-02
7.18702038e-01 9.56633405e-02
7.29130170e-01 9.37816030e-02
7.39541503e-01 9.17640796e-02
7.49945729e-01 8.96066563e-02
7.60352543e-01 8.73052191e-02
7.70771637e-01 8.48556538e-02
7.81212703e-01 8.22538466e-02
7.91685435e-01 7.94956832e-02
8.02199452e-01 7.65770935e-02
8.12750263e-01 7.35022931e-02
8.23302671e-01 7.02935349e-02
8.33817437e-01 6.69754436e-02
8.44255326e-01 6.35726441e-02
8.54577100e-01 6.01097611e-02
8.64743521e-01 5.66114194e-02
8.74715352e-01 5.31022438e-02
8.84453356e-01 4.96068591e-02
8.93918297e-01 4.61498902e-02
9.03073682e-01 4.27544467e-02
9.12040594e-01 3.93567186e-02
9.21180289e-01 3.57604106e-02
9.30874216e-01 3.17580886e-02
9.41503825e-01 2.71423184e-02
9.53443938e-01 2.17092584e-02
9.66441087e-01 1.55957457e-02
9.79105206e-01 9.55491317e-03
9.89926604e-01 4.40475807e-03
9.97395590e-01 9.63277534e-04
1.00000314e+00 4.81064485e-05
9.96914105e-01 2.11277511e-03
9.89233750e-01 6.56234528e-03
9.78414516e-01 1.26142978e-02
9.65908841e-01 1.94861135e-02
9.53169164e-01 2.63952733e-02
9.41524894e-01 3.26255529e-02
9.31198865e-01 3.80570245e-02
9.21828606e-01 4.28851595e-02
9.13046325e-01 4.73082966e-02
9.04484232e-01 5.15247743e-02
8.95782035e-01 5.57288767e-02
8.86768947e-01 6.00124359e-02
8.77473651e-01 6.43594451e-02
8.67934323e-01 6.87487652e-02
8.58189141e-01 7.31592568e-02
8.48276281e-01 7.75697805e-02
8.38233920e-01 8.19591972e-02
8.28100234e-01 8.63063674e-02
8.17913399e-01 9.05901519e-02
8.07711593e-01 9.47894114e-02
7.97532876e-01 9.88830668e-02
7.87400235e-01 1.02857880e-01
7.77306795e-01 1.06716147e-01
7.67242166e-01 1.10461992e-01
7.57195957e-01 1.14099537e-01
7.47157778e-01 1.17632908e-01
7.37117240e-01 1.21066228e-01
7.27063953e-01 1.24403620e-01
7.16987527e-01 1.27649210e-01
7.06877571e-01 1.30807119e-01
6.96723774e-01 1.33881435e-01
6.86520941e-01 1.36873803e-01
6.76272045e-01 1.39781966e-01
6.65980792e-01 1.42603321e-01
6.55650888e-01 1.45335262e-01
6.45286039e-01 1.47975186e-01
6.34889950e-01 1.50520488e-01
6.24466327e-01 1.52968562e-01
6.14018876e-01 1.55316805e-01
6.03551304e-01 1.57562611e-01
5.93067141e-01 1.59703470e-01
5.82567868e-01 1.61737978e-01
5.72053619e-01 1.63665458e-01
5.61524505e-01 1.65485244e-01
5.50980637e-01 1.67196672e-01
5.40422125e-01 1.68799075e-01
5.29849082e-01 1.70291789e-01
5.19261618e-01 1.71674149e-01
5.08659844e-01 1.72945489e-01
4.98043873e-01 1.74105144e-01
4.87414206e-01 1.75152215e-01
4.76772255e-01 1.76085264e-01
4.66119561e-01 1.76902774e-01
4.55457663e-01 1.77603229e-01
4.44788102e-01 1.78185115e-01
4.34112418e-01 1.78646914e-01
4.23432152e-01 1.78987110e-01
4.12748844e-01 1.79204189e-01
4.02064035e-01 1.79296633e-01
3.91379252e-01 1.79263004e-01
3.80695939e-01 1.79102414e-01
3.70015501e-01 1.78814218e-01
3.59339341e-01 1.78397774e-01
3.48668865e-01 1.77852438e-01
3.38005477e-01 1.77177566e-01
3.27350581e-01 1.76372516e-01
3.16705583e-01 1.75436644e-01
3.06071887e-01 1.74369306e-01
2.95450916e-01 1.73169831e-01
2.84844733e-01 1.71836596e-01
2.74256166e-01 1.70366837e-01
2.63688093e-01 1.68757718e-01
2.53143388e-01 1.67006406e-01
2.42624927e-01 1.65110066e-01
2.32135587e-01 1.63065865e-01
2.21678243e-01 1.60870967e-01
2.11255770e-01 1.58522539e-01
2.00871044e-01 1.56017746e-01
1.90526909e-01 1.53353882e-01
1.80226032e-01 1.50528895e-01
1.69971029e-01 1.47540945e-01
1.59764512e-01 1.44388192e-01
1.49609097e-01 1.41068796e-01
1.39508980e-01 1.37578581e-01
1.29474001e-01 1.33905057e-01
1.19515255e-01 1.30033881e-01
1.09643838e-01 1.25950708e-01
9.98708447e-02 1.21641196e-01
9.02071687e-02 1.17092433e-01
8.06629277e-02 1.12297014e-01
7.12483235e-02 1.07248532e-01
6.19840713e-02 1.01928103e-01
5.29045360e-02 9.63006367e-02
4.40469238e-02 9.03284832e-02
3.54702065e-02 8.39573019e-02
2.72470866e-02 7.71222233e-02
1.94716524e-02 6.97528887e-02
1.24435223e-02 6.17272468e-02
6.57788556e-03 5.28941794e-02
2.29121913e-03 4.31022445e-02
0.00000000e+00 3.22000000e-02
