0.16004873383847235 0.29720804026379993 0.0
0.16083352587404695 0.29307291010129005 0.0
0.1618750246842296 0.2907558463929756 0.0
0.16438903812376465 0.2875328208166208 0.0
0.16850900094667604 0.2841673552949094 0.0
0.17259691207181585 0.2817197303087324 0.0
0.1766643860516867 0.27985734859085776 0.0
0.184766835600099 0.27706321789322863 0.0
0.19284549765155887 0.2749502719832957 0.0
0.20090763130138042 0.27331063756903906 0.0
0.20895904382581498 0.2719780160168427 0.0
0.21700275054137763 0.2708660599592521 0.0
0.22503819305612113 0.26999075964949965 0.0
0.24109199129202258 0.2687294607789033 0.0
0.2571259107746023 0.268037414923377 0.0
0.2731429668203753 0.26782827471546633 0.0
0.2891433827861206 0.2680956440538784 0.0
0.30512872216929043 0.26879475022956273 0.0
0.32109809154276925 0.26995117764769094 0.0
0.33704903398198904 0.2716352834224853 0.0
0.34501702274950596 0.27269160570319534 0.0
0.3529786458488243 0.2739302168707537 0.0
0.36093345656638637 0.27536390912774616 0.0
0.3688829067212549 0.27695110781576876 0.0
0.3768266612782616 0.2787014070867609 0.0
0.38476539030774304 0.28059561863684374 0.0
0.39269987555842556 0.28261135611149213 0.0
0.40063034038708795 0.28474222340941313 0.0
0.40855801325601415 0.28695304197349564 0.0
0.4164836759139302 0.2892214254492144 0.0
0.4244065466121102 0.29156976019109476 0.0
0.4323278538128378 0.2939628676420256 0.0
0.44024815590806043 0.2963847575487745 0.0
0.44816801128972517 0.2988194396581093 0.0
0.45608786667139 0.30125412176744415 0.0
0.46400727533949704 0.30370159607936476 0.0
0.47192612561565683 0.3061650606445177 0.0
0.47984553428376375 0.30861253495643837 0.0
0.4797663543056452 0.30861253495643837 0.0
0.4718144472262088 0.3093631112909788 0.0
0.46383484390618934 0.3086393862775007 0.0
0.45584072239554163 0.30833140784806257 0.0
0.4478339812268862 0.3083848091416745 0.0
0.43981506711378104 0.3087867979557507 0.0
0.43178788879985674 0.309425442517665 0.0
0.4237549032096811 0.31023038571319533 0.0
0.4157155519513068 0.31121761779557394 0.0
0.40767095180862867 0.3123551582583362 0.0
0.3996276918066238 0.3134543221133409 0.0
0.3915801880258199 0.3146750118929112 0.0
0.38353447109924715 0.31584453286213804 0.0
0.3754894242430112 0.3169948655274862 0.0
0.36744571752744853 0.31810682158507675 0.0
0.35940446773645374 0.31914842052844516 0.0
0.3513665682971424 0.32009407795241973 0.0
0.3433340294205245 0.3208862289453642 0.0
0.3353068511066002 0.32152487350727854 0.0
0.31927103309139987 0.32227128622379464 0.0
0.303252525226564 0.3225220010901093 0.0
0.28724674869812516 0.3224081381827274 0.0
0.2712526984005784 0.32195847995746707 0.0
0.2552701509771448 0.3211794225156212 0.0
0.23930033489010827 0.3200357873000788 0.0
0.22334794063182561 0.31839325618368847 0.0
0.21537805333168808 0.31739130076396826 0.0
0.20741352659424409 0.31623583891321794 0.0
0.1994562589521142 0.3148725037704476 0.0
0.19150435187267778 0.3133556621966471 0.0
0.183564059345744 0.31150622335561473 0.0
0.17564040689883795 0.3091802749682596 0.0
0.1716850580219729 0.3078318138370873 0.0
0.16774333390862053 0.30609319052704675 0.0
0.16381713309140142 0.3039100381771481 0.0
0.16148649556734 0.30188186459201377 0.0
0.1605795692164422 0.30034527727134264 0.0
