0.4707102029761513 0.31824287004842283 0.0
0.47083700227802594 0.31795895896737086 0.0
0.4709380974575648 0.3177959762741976 0.0
0.4711213678527781 0.3175590223195179 0.0
0.47146004223928434 0.31721621553308477 0.0
0.4720987132004541 0.31671256675838305 0.0
0.4727187885399971 0.316296403505091 0.0
0.47393920839962445 0.3155569032058165 0.0
0.4754175144000571 0.314854674933326 0.0
0.4768541424229483 0.3143485261288786 0.0
0.47826485009534536 0.31396432298581467 0.0
0.4796575838020712 0.3136646807028342 0.0
0.4824081844249727 0.3132294314895163 0.0
0.4851288644764486 0.31293494749742 0.0
0.48782400257670755 0.3127606289380739 0.0
0.49049735569000263 0.31268880068433264 0.0
0.49315230238130964 0.3127035678376844 0.0
0.4957900319055 0.31279933539385285 0.0
0.4984102739773757 0.31297737494471906 0.0
0.501013542138813 0.31323527046570915 0.0
0.5036023500421539 0.3135611961523303 0.0
0.5061794005393792 0.31394243608577294 0.0
0.5087473964824692 0.3143662743472276 0.0
0.5113089055808058 0.31482063081382505 0.0
0.5138657657737357 0.31529685866077495 0.0
0.5164176527190212 0.3157964837983344 0.0
0.5189640528747861 0.31632192225107725 0.0
0.5215043716135944 0.3168759715211415 0.0
0.5240380953935702 0.31746104763310107 0.0
0.5265649269009952 0.318078549338025 0.0
0.5290851904781074 0.31872695072565604 0.0
0.5315993185812236 0.31940421724898477 0.0
0.5341077436666605 0.3201083143610016 0.0
0.536610925219255 0.32083708035550895 0.0
0.5391091605527251 0.3215891164814378 0.0
0.5416025307526299 0.32236404126122375 0.0
0.5440910358189697 0.3231618546948669 0.0
0.5465746757517442 0.32398255678236726 0.0
0.5490534775794735 0.32482602036453667 0.0
0.5515275494162367 0.32569173680462277 0.0
0.5539971074901922 0.3265786888291208 0.0
0.5564625302006173 0.3274850962093974 0.0
0.5589240608041903 0.3284098145127598 0.0
0.5613820777001886 0.3293510635105745 0.0
0.5638367971167704 0.33030782592933694 0.0
0.5662882731109755 0.3312798474506708 0.0
0.5687365867683633 0.33226674659701183 0.0
0.5711816840318941 0.3332687776867362 0.0
0.5736236730156472 0.3342854320830915 0.0
0.5760625266911027 0.33531683694526593 0.0
0.5784984072293795 0.3363622293181308 0.0
0.5809313146304776 0.3374216092016862 0.0
0.5833613840369962 0.3384943407999916 0.0
0.5857886965344944 0.3395800426354827 0.0
0.5882133332085319 0.34067833323059526 0.0
0.5906351048594698 0.341790102699646 0.0
0.5930539304017488 0.3429157325201991 0.0
0.5942623836604353 0.343483061581653 0.0
0.5954703504057652 0.3440526795084926 0.0
0.596678046865897 0.34462356902721325 0.0
0.59788558115491 0.3451952215010624 0.0
0.5978532009881821 0.3451952215010624 0.0
0.5965716626119394 0.3451240675915567 0.0
0.5952901512642166 0.34490044981552465 0.0
0.5940086399164937 0.34467683203949256 0.0
0.5927271285687707 0.3444532142634605 0.0
0.5901640788448053 0.34400610587058444 0.0
0.5876010561493595 0.3435588703185203 0.0
0.585038006425394 0.3431117619256442 0.0
0.5824749837299483 0.34266452637358 0.0
0.5799119340059827 0.342217417980704 0.0
0.577348911310537 0.3417701824286398 0.0
0.5747858615865715 0.3413230740357638 0.0
0.5722228388911258 0.3408758384836996 0.0
0.5696597891671602 0.3404287300908236 0.0
0.5670967664717145 0.3399814945387594 0.0
0.564533716747749 0.3395343861458833 0.0
0.5619706940523033 0.3390871505938192 0.0
0.5594076443283377 0.3386400422009431 0.0
0.556844621632892 0.33819280664887896 0.0
0.5542815719089265 0.3377456982560029 0.0
0.551718522184961 0.3372985898631269 0.0
0.5491554994895153 0.3368513543110627 0.0
0.5465924767940695 0.33640411875899856 0.0
0.5440294540986238 0.3359568832069344 0.0
0.5414664314031781 0.33550964765487024 0.0
0.5389034087077323 0.3350624121028061 0.0
0.5363403589837668 0.33461530370993003 0.0
0.5337772822312814 0.33416832247624206 0.0
0.5312141784502763 0.3337214684017422 0.0
0.528651101697791 0.33327448716805425 0.0
0.5260880249453056 0.3328275059343663 0.0
0.5235250292783797 0.33238014322311404 0.0
0.5209621146970131 0.3319323990342975 0.0
0.5183992812012062 0.33148427336791664 0.0
0.5158364747339188 0.33103602054234776 0.0
0.5132735331240326 0.3305884035127193 0.0
0.5107104023145076 0.3301416765974075 0.0
0.5081468931057054 0.32969672991072907 0.0
0.505583113611705 0.3292530548159316 0.0
0.5030197665740217 0.3288073451741246 0.0
0.5004576087912097 0.3283560405280414 0.0
0.4978974781473833 0.327895198942851 0.0
0.4953402125266563 0.32742087848372253 0.0
0.49278667684166255 0.32692901005663694 0.0
0.4902379252046746 0.3264146344532584 0.0
0.48769514687056376 0.3258721566693108 0.0
0.48515945000864225 0.3252963631780822 0.0
0.4826320509023012 0.3246815318161083 0.0
0.4801137333786151 0.32402397496693436 0.0
0.47760652457656944 0.3233141556914532 0.0
0.47636420458256573 0.32290615709268283 0.0
0.4751338041657966 0.32244208129196233 0.0
0.47391397190027174 0.32192828624869657 0.0
0.4727054645845457 0.32136121150561886 0.0
0.47177735816662353 0.32072548518564165 0.0
0.4713413470469615 0.3202756943680041 0.0
0.47093468889980916 0.31968780867209495 0.0
0.470753401584135 0.31929016750624856 0.0
0.4706767586995576 0.31902547846389195 0.0
0.47064755938270353 0.3188502177167315 0.0
0.4707102029761513 0.31824287004842283 0.0
